money:1147697.3200000003
cangwei:0
roi:14.76973200000003
alpha:-8.5836680896
algorithem volatility: 207.779510173
bench volatility: 203.658349939
sharpe ratio: 0.0218595005901
win ratio:0.9668874172185431
max drawdown:1569006.4705801134
trend:
[0.040915305859225093, 0.035047688708777613, 0.028550742587068356, 0.023486631153727622, 0.019269052348472648, 0.017200973571446454, 0.015100731080854857, 0.012791615851063476, 0.0094284092130045849, 0.0068935089455210985, 0.0051939840077181998, 0.003479745524026967, 0.0019672071893186427, 0.0012753028465519733, 0.0012092055606185426, 0.0019487815771634942, 0.0027467295666729896, 0.0037392048063376038, 0.0049701814321991833, 0.0068651051978187994, 0.0080204882290084711, 0.0095106092824801536, 0.012541507348659664, 0.015104237995758218, 0.016715358195214414, 0.01913255220722121, 0.022494194211411411, 0.026730530744508485, 0.028597905124644107, 0.028379122866562412, 0.028498425227847513, 0.028299745312930114, 0.029958610523786788, 0.031386524627186496, 0.031642458731314882, 0.0316876852131589, 0.030986969754798643, 0.030278281874044133, 0.0293806232080982, 0.027456560181851941, 0.025417610784558065, 0.023552808768974032, 0.0209705223606651, 0.018738654636489827, 0.017170576440809882, 0.015550131278406987, 0.015284146214828986, 0.014749109137098593, 0.014757373884965119, 0.014507467027474519, 0.014111111226833728, 0.013246442577760753, 0.013106722257837156, 0.012755497150945594, 0.011966801278639139, 0.011202036808250604, 0.010552895334142498, 0.010225379174860549, 0.0095572434847808196, 0.0085156715152798768, 0.0076190610917583612, 0.0064939813649029787, 0.0053742866015102919, 0.0045976986553437627, 0.0048402997822654115, 0.0051713522607625961, 0.0060091675814133438, 0.0075559303569230352, 0.0088700662952216902, 0.010087101428366552, 0.01206295831338533, 0.013607414339556811, 0.014505294506412802, 0.014194672888423909, 0.013925495131756449, 0.013695408723157776, 0.013806428304595109, 0.014140799593866049, 0.014345689496339631, 0.014978060495778323, 0.016124932460369834, 0.017621703474326011, 0.018980696163789723, 0.019630367431238582, 0.020170591955423589, 0.020030216121207367, 0.020326287112584218, 0.020355405220769285, 0.020198750778832597, 0.021695564311231763, 0.0236199929396399, 0.025446942634856917, 0.027482370355729202, 0.029369689614358485, 0.030111234167383039, 0.032589356339712161, 0.035325994522229287, 0.038293045399395709, 0.041828634160089528, 0.045057785533446193, 0.047021457801578848, 0.049603860491453489, 0.051503614309591939, 0.05273678385176872, 0.05538700181207723, 0.05930741735130951, 0.060954568179397484, 0.063445402223981873, 0.067011739778390478, 0.072107536057185229, 0.07607784470873824, 0.078966290332949995, 0.079661588858000343, 0.078390130256403623, 0.077251178460484127, 0.07569103283345946, 0.07247024783653977, 0.069488226453678692, 0.065368215587788825, 0.059085316386825681, 0.054014951179512494, 0.047131986976223672, 0.041543754086308837, 0.037350576728560014, 0.033303715718673743, 0.02800634720539108, 0.0230288931471474, 0.018392408557359019, 0.012595810418408959, 0.0052287851954400111, -0.0015300896648238194, -0.0075548229246322762, -0.011242183622400148, -0.014947744463041701, -0.018628463167409848, -0.021302577300637893, -0.022795802612537663, -0.02447026357100679, -0.025516877330154841, -0.02619319559313027, -0.026495084585627993, -0.027392342075694742, -0.027803463917758897, -0.029405425347724723, -0.031160222471958043, -0.03338512647759373, -0.035338464437339567, -0.037247792766708976, -0.039384183302495046, -0.041966902625608427, -0.044619687602794222, -0.046873270293854574, -0.04774845580861431, -0.048776299406694257, -0.049121477468506036, -0.048987085151662946, -0.048470977208974197, -0.047816636383510414, -0.046216092153718691, -0.044658250001520905, -0.042871070088005503, -0.041606876039283591, -0.039826656795240112, -0.038031124750533607, -0.037624842856856411, -0.037256842068783769, -0.037289992651238002, -0.037085725174633488, -0.036358913741241672, -0.035182109104508363, -0.033866801613395836, -0.032397188082934569, -0.030607193119745801, -0.028648311366089807, -0.026964866659310083, -0.025419356420347761, -0.023489303562235442, -0.021696212326295594, -0.019062584417249617, -0.016329265216939781, -0.013998421181264042, -0.011438566447353082, -0.0091612276168895335, -0.0068782164676770563, -0.0047184641669719696, -0.0015850751895616355, -8.4371357250034862e-05, 8.6255623873654486e-05, 0.00097293152529243088, 0.0026397744469175422, 0.0041407639894801562, 0.0056359685654907565, 0.0073947952845019316, 0.0091790144272145824, 0.010343075360112586, 0.010839686189603626, 0.011933963002627834, 0.012877918059050586, 0.013649785938571135, 0.014078039019876698, 0.014066088069039751, 0.013434896944485075, 0.012294508573801544, 0.011143167946367605, 0.0091342953725597198, 0.0074639844856765336, 0.0065368840211394996, 0.0056000213534606047, 0.0052343972397022043, 0.0048808202676573487, 0.0049041221376899813, 0.0052450272823643118, 0.0052704196942130466, 0.0051259046767553329, 0.0050072511012073662, 0.0042138755856733212, 0.0035291327131607986, 0.0027340687299970412, 0.0023865520139869645, 0.0011770467414375929, 0.00029955802056047531, -0.00063331062138516359, -0.0014625407664228263, -0.0020415869713898971, -0.0034514627102000262, -0.0051077333913740475, -0.0070169169501346218, -0.0090323151112325917, -0.011352411286572384, -0.013825299120849621, -0.015915154049407576, -0.017888029298450014, -0.020263500757450537, -0.022274211696066359, -0.023577261691018592, -0.024860983158364824, -0.026396461388545234, -0.027612764193891692, -0.028591378047083893, -0.029165162720347304, -0.02921137709753463, -0.029074115556511515, -0.029071721746729118, -0.029285060976051547, -0.028998023994871502, -0.0284928590434399, -0.02818284677690297, -0.02756777089788276, -0.027128672597910075, -0.026549533073547238, -0.026450616525414361, -0.026278879763247609, -0.025797293434707491, -0.025213350272310642, -0.024536650732029486, -0.023654783712711236, -0.023102743167713768, -0.022948158876770819, -0.022705264603780861, -0.022016872116807917, -0.021374982572601731, -0.020534872357928613, -0.019818148403729197, -0.019278334837134814, -0.018781986741793766, -0.018053780583711543, -0.017417555023607534, -0.016442753029551227, -0.015644461128493603, -0.015072389656699769, -0.014346302804115751, -0.013510572493268924, -0.012758460606401734, -0.012025079901555991, -0.011584735692928838, -0.011112463030464426, -0.010885646990133502, -0.010430362230254175, -0.0098262400206419187, -0.0093296147421302322, -0.0091161159114516721, -0.0099244918431962148, -0.011035969791746147, -0.011876980418186633, -0.013043054194889159, -0.014293065205062128, -0.015616797124250681, -0.017338879109452421, -0.018815824146647842, -0.0203961745877832, -0.021459424619774126, -0.022619286073802591, -0.023712898280670913, -0.025289020371213944, -0.02706285259286112, -0.028558040201182244, -0.029943292857332438, -0.031040466921929522, -0.031807473913464612, -0.032662294506240031, -0.034233803952844255, -0.035216446731421769, -0.036168886932220978, -0.03699936972482476, -0.03765391602722179, -0.037384241801158957, -0.037264694640413154, -0.037101820497079885, -0.036656308133094839, -0.036255019587289716, -0.036230081579354589, -0.0362488968311796, -0.036034554233391525, -0.035848650486702383, -0.035689576209958496, -0.035768492528057472, -0.035732675234844358, -0.035256716912136721, -0.035074682388545497, -0.034617635026119586, -0.034181499050352837, -0.033766001059114537, -0.032914977993814265, -0.031907433740297808, -0.031062295856779443, -0.030278546089088199, -0.029614652423397558, -0.028941909202449878, -0.028749275185256717, -0.028575170255510152, -0.028418706843996944, -0.028005502926269799, -0.027629952446830419, -0.027077588850603629, -0.026485168726160691, -0.025918334730450798, -0.024860225682525883, -0.023716296681376647, -0.022891653743126295, -0.021999713129821963, -0.02135222935084613, -0.020628581188188111, -0.019654451937229478, -0.018451952908467018, -0.017102978582869799, -0.015653217339906877, -0.014357899662171825, -0.012996424770248094, -0.011912276742843453, -0.010388580117426383, -0.0085547413712889764, -0.0068047242146027642, -0.0050158787820353545, -0.0037132375808157647, -0.0025596872072615184, -0.0017296734344327547, -0.00074513429705147516, 0.0001663947213739192, 0.00082538647084096084, 0.0014618754323452166, 0.001741359397110287, 0.0021765221214353758, 0.0029060877545976638, 0.003601431534439925, 0.0041718872434390875, 0.0048076089331630101, 0.0049850470866585894, 0.0051033795694239714, 0.0056226136320374209, 0.0056292139134068719, 0.0056182024588355972, 0.0055605694109663872, 0.005612003726954029, 0.0055512811803861695, 0.0054783310131982788, 0.0054550895147995604, 0.005295487622696271, 0.0058005722764171708, 0.00637097141418419, 0.0068783984497082784, 0.0067791085503356996, 0.006606028699382982, 0.0064261063294344112, 0.0062100215223557242, 0.0058092465353603018, 0.0051175606891904479, 0.0044024269256341952, 0.0036678112762089654, 0.0030086053141120672, 0.0024514366394834397, 0.0017470782040041044, 0.0011216531714115519, 0.00081414606029994729, 0.00083157429703373253, 0.0014225501485958247, 0.0019032391414883776, 0.0028884097493078187, 0.0037590898143085028, 0.0050380144666819504, 0.006355795641140638, 0.0074623389314272259, 0.0080665335530589743, 0.0086911889623024763, 0.0090289439172845931, 0.009495775562053943, 0.0097764978709262707, 0.010188385589556148, 0.010325090401228643, 0.010298405995785131, 0.010546363642236933, 0.011199160867705338, 0.011342555328240245, 0.011501296175844722, 0.011673727668148892, 0.01222295731695322, 0.012358760897092758, 0.012112334877929953, 0.011908720269548034, 0.010772787246598803, 0.0095997959523419496, 0.008001076315792055, 0.0063483250051046269, 0.0049545943460049813, 0.003652366734201884, 0.0022866543231518932, 0.00068412219472335778, -0.00079796472165671872, -0.0017692430942988224, -0.0027824434898731099, -0.0037705018758016351, -0.0049146769657495426, -0.005895656908115221, -0.0067533277313263085, -0.0074641209325445601, -0.0080978859049407603, -0.0085978062553220269, -0.0091853250367073258, -0.0095784506022607019, -0.0098820204717222637, -0.0098284505266086342, -0.0097491078409568388, -0.0097677634571491367, -0.0098768680579128798, -0.0098868355139041242, -0.010139503644800207, -0.010129310817664994, -0.010089114470713589, -0.010173280007791163, -0.010280873790026401, -0.010531337019195064, -0.011004154788772702, -0.011498550592230483, -0.011889812759830587]
filter:
[ 4.95845428  4.97722161  4.99598635  5.01474345  5.0334853   5.05220082
  5.07087572  5.08949478  5.10804136  5.12649766  5.14484595  5.16307026
  5.18115559  5.19908768  5.21685307  5.23443931  5.25183458  5.26902941
  5.28601693  5.30279435  5.31936465  5.33573586  5.35191973  5.36792994
  5.38378317  5.3995046   5.41512409  5.43067249  5.44618361  5.46169505
  5.47724813  5.49288319  5.50863666  5.52453867  5.54061375  5.55688099
  5.57335686  5.59005457  5.60698302  5.62414376  5.64153182  5.65913665
  5.67694151  5.69492325  5.71305377  5.73130121  5.74963188  5.76801047
  5.78640069  5.80476606  5.82307203  5.84128431  5.85937009  5.87730292
  5.89506218  5.91263087  5.92999854  5.9471649   5.96414359  5.98095595
  5.99762508  6.014177    6.03063971  6.04704932  6.06344978  6.0798897
  6.09642185  6.11310091  6.12998339  6.14712694  6.16458696  6.18241575
  6.20066266  6.21937134  6.2385802   6.25832409  6.27863365  6.29953934
  6.32107046  6.34325667  6.36612715  6.38970995  6.41403024  6.4391124
  6.46497918  6.49165003  6.51914084  6.547464    6.57662911  6.60664158
  6.63750106  6.66920145  6.70172964  6.73506506  6.76918021  6.80404354
  6.83961951  6.87587003  6.91275674  6.95024029  6.98828011  7.02683695
  7.06587165  7.10534319  7.1452047   7.18540325  7.22587965  7.26656928
  7.30740253  7.34830424  7.38919489  7.42999214  7.4706121   7.51096896
  7.55097279  7.59052917  7.62953687  7.66788905  7.70547228  7.74216572
  7.77784643  7.81239091  7.84567518  7.87757586  7.90797009  7.93673225
  7.96373983  7.98887497  8.01202594  8.03308996  8.05197319  8.0685877
  8.08285422  8.09470087  8.10406189  8.11088295  8.11512646  8.11676565
  8.11578828  8.11220146  8.10603823  8.09735591  8.08623436  8.07277037
  8.05707226  8.03926092  8.01946908  7.99783639  7.97451026  7.94964237
  7.92338133  7.89587596  7.86726884  7.83769959  7.80730878  7.77623798
  7.74462529  7.71260565  7.68031126  7.64786708  7.61538468  7.58296275
  7.55068812  7.5186422   7.48690017  7.45553035  7.42459669  7.39416206
  7.36428741  7.33503343  7.30646158  7.27863516  7.25161732  7.22547241
  7.20026196  7.17604377  7.1528698   7.13078648  7.1098342   7.09004595
  7.0714451   7.05404435  7.03784607  7.02284597  7.00903212  6.99638654
  6.98488636  6.97450475  6.96521112  6.95697406  6.94976118  6.94353994
  6.938276    6.93393486  6.93048208  6.92787875  6.92608115  6.92503921
  6.92469688  6.92499356  6.92586541  6.92724573  6.92906547  6.9312543
  6.93374131  6.93645428  6.93931933  6.94226233  6.94520867  6.94808619
  6.950826    6.95336161  6.95563015  6.95757189  6.95913075  6.96025437
  6.96089783  6.96101896  6.96057442  6.95952203  6.95782362  6.95544494
  6.95235603  6.94853259  6.9439566   6.93861485  6.9324972   6.9255988
  6.91792011  6.9094667   6.90024858  6.89027906  6.87957295  6.86814496
  6.85600959  6.84317828  6.82966019  6.81546446  6.80060013  6.78507798
  6.76891069  6.7521142   6.73470894  6.71671913  6.69817244  6.67910028
  6.65953577  6.63951413  6.61907241  6.59825094  6.57709068  6.5556342
  6.53392548  6.51201028  6.48993689  6.46775349  6.44550716  6.42324282
  6.4010025   6.37882402  6.35674     6.33477854  6.3129632   6.29131119
  6.26983397  6.24853912  6.22742997  6.20650453  6.18575598  6.16517317
  6.14474157  6.12444482  6.10426519  6.08418312  6.0641764   6.04422169
  6.0242952   6.00437208  5.98442748  5.96443596  5.94437206  5.92420879
  5.90391778  5.88347034  5.86283785  5.84199212  5.82090628  5.79955379
  5.77790734  5.75593911  5.7336223   5.71093115  5.68784176  5.66433192
  5.64038077  5.61596877  5.59107869  5.56569554  5.53980792  5.51340778
  5.48648995  5.45905296  5.43109964  5.40263726  5.37367775  5.34423713
  5.31433588  5.28399845  5.25325423  5.22213837  5.1906918   5.15896061
  5.12699301  5.0948383   5.06254771  5.03017332  4.99776771  4.96538353
  4.93307206  4.90088372  4.86886753  4.83707246  4.80554701  4.77433922
  4.74349485  4.71305644  4.68306378  4.65355394  4.62456185  4.59612111
  4.56826347  4.54101622  4.51440367  4.48844693  4.46316394  4.43856978
  4.41467938  4.391507    4.36906624  4.3473709   4.32643477  4.30627039
  4.2868887   4.26829972  4.25051228  4.23353382  4.21736948  4.20202227
  4.18749433  4.17378587  4.16089593  4.1488222   4.13756088  4.12710798
  4.11745981  4.10861255  4.10056196  4.09330305  4.08683     4.08113458
  4.07620587  4.07203005  4.06859103  4.06587022  4.06384691  4.06249837
  4.0617996   4.06172489  4.0622481   4.0633417   4.06497691  4.06712293
  4.0697471   4.0728157   4.07629471  4.08015037  4.08434968  4.08886001
  4.09364951  4.09868633  4.10394019  4.10938362  4.114992    4.12074404
  4.12662048  4.13260386  4.13867765  4.14482691  4.15103818  4.15729888
  4.16359731  4.1699216   4.17626025  4.18260314  4.18894161  4.19526816
  4.2015768   4.20786171  4.21411702  4.2203382   4.22652048  4.23265878
  4.23874757  4.24478117  4.25075342  4.25665763  4.26248668  4.2682326
  4.27388868  4.27944984  4.28491255  4.29027299  4.29552681  4.30066902
  4.3056939   4.31059432  4.31536069  4.31998072  4.32443916  4.32871786
  4.33279592  4.33664907  4.34024969  4.34356772  4.34657158  4.34923005
  4.35151205  4.35338843  4.35483178  4.35581809  4.35632719  4.35634246
  4.3558495   4.35483647  4.35329335  4.35121258  4.34858867  4.34541882
  4.34170223  4.33743976  4.33263495  4.32729556  4.32143223  4.31505872
  4.30819219  4.30085463  4.29307186  4.28487249  4.27628819  4.26735081
  4.2580921   4.24854225  4.23872949  4.22868064  4.21842123  4.20797512
  4.19736347  4.18660489  4.17571677  4.16471508  4.1536142   4.14242628
  4.13116152  4.11982842  4.10843403  4.09698415  4.08548356  4.07393567
  4.06234306  4.05070765  4.03903184  4.02731863  4.01557133  4.00379326
  3.9919881   3.98015909  3.96830986  3.95644451  3.94456728  3.93268245
  3.92079382  3.90890401]
