money:1566518.4400000013
cangwei:0
roi:56.65184400000013
alpha:-0.00151560575192
algorithem volatility: 441.35767399
bench volatility: 405.527659238
sharpe ratio: 0.00406962764894
win ratio:0.9904076738609112
max drawdown:0.8179271708683474
trend:
[-0.036337033514545425, -0.017651991019222102, -0.041727210724994634, -0.059661639712928149, -0.045360544019801274, -0.038158744298455893, -0.0059273661063121708, -0.010123493827415508, -0.017727407198268708, -0.042694270920046407, -0.030056098336591397, -0.015769881698100896, -0.019025908469592068, -0.017213728761384495, -0.00034970398843903183, 0.013004552713267614, 0.03174711633357763, 0.032531080266379853, 0.037046173455585141, 0.043034392331946059, 0.060820274133692287, 0.040763378407493001, 0.050203281270682076, 0.093943127278572902, 0.081200351314997476, 0.054449610331872123, 0.078759175768546186, 0.10741495150965719, 0.13429589250120788, 0.0644444722661488, 0.003140759853363484, 0.015208356218484376, 0.007102818011166967, 0.065405019441983292, 0.059183251148914096, 0.024064492520510683, 0.018921570881170524, -0.0028546589623372753, -0.0016318556611345514, -0.0062328807345544135, -0.037031254490019982, -0.039216145949863446, -0.032631947450529886, -0.054260329633100568, -0.042440056614953647, -0.021280443788580961, -0.023061138558654548, 0.019085038202752536, 0.0096595768199021492, 0.025863200380521256, 0.016744217384591309, 0.011346426355889783, -0.0040016427171831737, 0.018257748317752842, 0.01081348488419831, -0.0035326375670026167, -0.0031965956137511853, -3.877181879641256e-05, 0.0094774090036047198, -0.0018878707364491376, -0.014074527416535254, -0.0098819412417920915, -0.017503165447442903, -0.01774067657495948, -0.0074918529166962955, 0.023660784428694903, 0.025215050999167765, 0.03993895726826846, 0.060872246866242818, 0.052228031355451954, 0.048211093099567393, 0.071211244046462951, 0.056827286166758917, 0.036201607408893111, -0.001487039671131285, 0.00055691330482599, 0.0024064354118848996, 0.013592514079299178, 0.020860770219386815, 0.016973892634377208, 0.030579239943399728, 0.04669537652884248, 0.057473469995836801, 0.052957559861111392, 0.030797490147394413, 0.027867881298048403, 0.0071432160844544512, 0.021683705729284242, 0.013913549593856267, 0.0087850273946754598, 0.061219308657885385, 0.074420811093071748, 0.071146534122550342, 0.077696214691274079, 0.073159115989598789, 0.037662384196232246, 0.093057204462358101, 0.10132763110370391, 0.10881133405611365, 0.12699814098597439, 0.11777120039279954, 0.078981996772223617, 0.10000631708381036, 0.080029482557227638, 0.061001693636592691, 0.10751761937422977, 0.14865747208579627, 0.078392737688950831, 0.10708310498265483, 0.14255679552342926, 0.19177853997449112, 0.15736438458799817, 0.12527262382769777, 0.05913486973639337, 0.001190962781940641, 0.0096389155177671881, 0.00016077145370907431, -0.048368232124275323, -0.037108463279423631, -0.06972599395500545, -0.13443700569996864, -0.093111219430779713, -0.14798771966924384, -0.1053729227910587, -0.061104359822437004, -0.05719431080159687, -0.097413668996127356, -0.088147201333814706, -0.078810956465114046, -0.1169740329275939, -0.16767808645467586, -0.14982522312472479, -0.12891436592739591, -0.058625194524188906, -0.063512218886428329, -0.066983116217806504, -0.03968386968016091, -0.0073714680815175626, -0.018085248392140763, -0.0030474014738341992, 0.0039012268916582826, 0.011140116745792739, -0.011798318044091261, -0.00021226254376482956, -0.041095787534028538, -0.048601544588155576, -0.065857058505140564, -0.059592410953499986, -0.060582432049470114, -0.07003952044346029, -0.086206997799685325, -0.090372803716932459, -0.079873599375472892, -0.038981906776841768, -0.04668874657305544, -0.027978744902424246, -0.015804776779441809, -0.006691354863704646, -0.0051035910346790558, 0.022016865816575582, 0.01802001473424486, 0.022964606776781693, 0.0046088636136856209, 0.019390433337652446, 0.018497169099119581, -0.02606858755577246, -0.027393812077496804, -0.04000796535669604, -0.032397213894961752, -0.015997942374926133, -0.0021098994983654862, 0.0018958014056869033, 0.0064717095435202765, 0.016319830095140375, 0.021426152068810822, 0.012729246487018564, 0.0086646302489974403, 0.021157897048791341, 0.017242755303472634, 0.044140016142390159, 0.047551194308780076, 0.035417896902657731, 0.043463762860063149, 0.035524278930467723, 0.036901280767702715, 0.034342298533714732, 0.066271711195165395, 0.016210155731388731, -0.023381802856722977, 0.0016723705889996054, 0.028148264619513697, 0.024519413924195987, 0.025992003466744684, 0.03588575602148758, 0.038179621598369629, 0.020279049777009561, 0.0012275207942442634, 0.02203823580842279, 0.018990601127010009, 0.015281623237141773, 0.0062179662612953379, -0.0057885079308386267, -0.023311611740355787, -0.037265333227827213, -0.035622969751700317, -0.060771814125392787, -0.048332155510511399, -0.02375832937458533, -0.023400818586081229, -0.0050035808086619227, -0.0045276155746547531, 0.0073180641403061131, 0.017085675276945267, 0.0068991587718532088, 0.0014866307333791795, 0.0022964643205893864, -0.018849469502669969, -0.015153916747554952, -0.018468647697991614, -0.0043455791703568281, -0.031518433662877321, -0.02091025136220015, -0.022726162211845313, -0.019613088584984339, -0.012039899745348137, -0.038480832593540626, -0.046235337032343615, -0.05420344406119515, -0.057608588651758552, -0.067348563666914885, -0.072357027439839072, -0.060717824751836957, -0.057795794069154027, -0.071322958062487452, -0.060733370363045047, -0.039736125730532201, -0.040712475969550965, -0.050157193945790546, -0.041580997906437211, -0.035723110285598381, -0.024714958449266078, -0.0099977100987995726, -0.0061929310465727028, -0.012262573502061613, -0.020608589351746254, -0.0062819590412726001, -0.00092814207901170676, -0.0084498463939670643, -3.6061657261221569e-05, -0.0066913758330029438, -0.0032011115698242776, -0.019067842816845371, -0.017254015756709151, -0.0080027350963396415, -0.0053389771052838597, -0.0029286088852806813, 0.0030574701247703118, -0.0076971128992573412, -0.020282414711452645, -0.017401802374886977, -0.003380217425369203, -0.0049611729459808629, 0.001218253561748206, -0.0027026295921563914, -0.008153037481432257, -0.0092799788666217964, -0.0017384770629522706, -0.0044268522271631028, 0.006457993162504394, 0.0010874309681971894, -0.0056747553558782471, -0.00037869859681194384, 0.003462321956560821, 0.0012304704111496534, 0.0011134220092996472, -0.0075537351499832539, -0.0058839374635146768, -0.012934222129207029, -0.0050451107203164369, 0.00019105114192186079, -0.0026808702422211894, -0.010987095647137401, -0.042284422501650099, -0.050628359966953695, -0.041056095076876353, -0.050468126312343209, -0.052326094272858725, -0.05400732317610224, -0.065992366728082175, -0.057812349552842868, -0.060874197290107013, -0.044619802605771142, -0.047985341122268821, -0.046274486951364047, -0.061848863605023396, -0.068331735136933247, -0.059929185724336698, -0.057082174267608643, -0.048798489235206688, -0.039400290655706272, -0.043262334839188732, -0.066733235985288353, -0.048970251482514549, -0.049068206229891942, -0.046303095380392456, -0.041898517045247274, -0.014131693387428257, -0.020397410914410052, -0.020359607232186328, -0.012715405864483387, -0.015310850752675798, -0.028123145565370322, -0.030204179636468709, -0.02352601252640607, -0.025093099299406951, -0.026511117065402878, -0.03445299054012807, -0.031175652503279139, -0.017746329574487518, -0.02747320199511627, -0.019152320480645635, -0.020184205148507495, -0.021117931867853379, -0.0076940996100027803, -0.0031572021060526367, -0.0085643688204131152, -0.010603431563802168, -0.014351027062279975, -0.013937135952480695, -0.028782603717806055, -0.02889840844416014, -0.029003197254954927, -0.020536775060773671, -0.021436963594726244, -0.015592777226549615, -0.014109515509539872, -0.014669847387075219, 0.00099435899684463536, 0.0037535183340322575, -0.0061160270018651985, -0.0036317419710809595, -0.010896266557257839, -0.0079572616117573602, 0.00040966603597647477, 0.0079806903440697852, 0.012929023116153626, 0.01645539689967368, 0.012036330894391156, 0.014696372736127117, 0.0066396368882486456, 0.021228029462928788, 0.03157495467306326, 0.029522638793227252, 0.031470546180224268, 0.017061922293698295, 0.013536409827358931, 0.0046387661409434955, 0.010856248411813318, 0.0098235486287245877, 0.0031815890135744596, 0.0038301898266341894, -0.0060466488790140716, 0.00023603344214695454, 0.010677322196355199, 0.010612891975276817, 0.0077008430147760265, 0.01077329780277303, -0.0026177511665279596, -0.0033199870107933904, 0.010313315570708248, -0.0049364760641079641, -0.0044668941636905046, -0.0049932304246356196, -0.00071325289120149904, -0.0034991524247542927, -0.0031662958233793503, -0.0009626037407883814, -0.0046760330139559159, 0.016696257095588862, 0.018913023821037989, 0.017113923905797357, -0.0016365227254357961, -0.0033833470683219957, -0.0030615064424424077, -0.0037215301007114121, -0.0090750151586131977, -0.017724247247000946, -0.017940728050058752, -0.018136616133617167, -0.015460122719336944, -0.012086981312524614, -0.016644703476637268, -0.014110128137441613, -0.0042066603218202658, 0.0057059901103082566, 0.023236943421064638, 0.01912403255180628, 0.034427346402567061, 0.030201198542576968, 0.042548299403339485, 0.043257141841158919, 0.036288561939589847, 0.020470375460166501, 0.021376880250945973, 0.012684661646983564, 0.017185529515916897, 0.011745760482758882, 0.016335941251679031, 0.0081232415766905319, 0.0035455219766440393, 0.012720746672513883, 0.025779424933734418, 0.010009670072266275, 0.010959999427122114, 0.011819928776247934, 0.024013048049837948, 0.011265067310799459, -0.00027026275513097886, 0.0016579444078130834, -0.027037244016366202, -0.027319075948132543, -0.039940338495806138, -0.04089726301146257, -0.032250667959982771, -0.029182825686728364, -0.031163057768966773, -0.038662415747244161, -0.034984656466019004, -0.019290503893028443, -0.021260493094294119, -0.021140588787052828, -0.026739585686032186, -0.022293486244620908, -0.019221570885381567, -0.015490622015270183, -0.014017077804761691, -0.010781205932851812, -0.014511890658345017, -0.0093264513128961113, -0.0074880241397510261, 0.0027367657695211989, 0.0024764311392386773, -0.0015641360585521014, -0.0052203446169283296, -0.0028212613031231015, -0.011114132019325318, -0.0033981565401193237, -0.0030749071643896286, -0.007538652958929859, -0.0087240376238844064, -0.013601659543977185, -0.020869045718685086, -0.021737627032229589, -0.018718587737196479, -0.015035485099809787, -0.0059952419950715097, -0.0092299419469843436, -0.0083519444394664077, -0.0037524694974435668, -0.0062492637884701274, -0.00089855695958096504, 0.0039431642997120875, 0.00071432344420196969, -0.0050611218360407939, -0.013140925993819774, -0.0118908964340112, -0.0079060281793674747, -0.013812712403768135, -0.0077425331155058785, -0.0070060252570236514, -0.0015833315524869107, 0.00046978117735019254, 0.0032788409386856898, 0.0029669414502331293, 0.0055384590354576879, 0.0031091151124118532, -0.0019428853186851391, 0.0049006760337317878, 0.010141994926760489, 0.018689730647957425, 0.012155625379758117, 0.017658067002056743, 0.023588338514101359, 0.021344499653486615, 0.032631594865556668, 0.021917523192332311, 0.012222626751031029, 0.0091574518955894746, 0.0063838515591045919, 0.0095815850565612593, 0.0086701375256827973, -0.00071585160746412413, -0.0015990054988854752, 0.0090168411914053337, 0.015769108634434481, 0.012366574966558019, 0.0073852086088974644, -0.00092730254157480374, -0.0027415913991131191, 0.0051291960266084402, 0.028422512147921353, 0.033328816655388671, 0.013987178836282865, 0.0088516526619661917, 0.0061071414537181568, 0.0045749508797330307, -0.00061648706435413203, -0.0043628406593612112, -0.00014282890316064112, -0.00012924231489197524, -0.00011694814977225576, -0.00010582346614995686, -9.5757017190223337e-05, -8.6648138401201891e-05, -7.8405740996601025e-05, 0.010392794015973372, 0.018916672493377362, 0.023775970036541416, 0.042441765575945034, 0.028892003739907857, 0.023289906479345035, 0.015366960624399795, 0.019612675012399272, 0.01679577161244783, 0.011393078269446022, 0.022675552444463065, 0.014811046969150254, -0.0037203386731716748, -0.0081226878458000584, -0.0063987685785367177, -0.021010073732384171, -0.0085477506909787948, -0.0029784004748334425, -0.01696381865793839, -0.010593890633121106, -0.014342393711885393, -0.013929323848867803, -0.011653048784889819, -0.015300799527110165, -0.022406555143502871, -0.016470136454904249, -0.019659662108380438, -0.016838289064589951, -0.010480302032545019, -0.0094833641194504992, -0.012386256726450995, -0.021671756438791157, -0.019610232298544084, -0.021549807360182527, -0.019499883616522773, -0.01764495870902838, -0.017868981828073949, -0.011412950227325247, -0.011278543447200029, -0.010205672881821393, -0.0082836098255363311, -0.0055931336477819116, -0.0060123364656794465, -0.010196659527134777, -0.0063729554260607557, -0.007669226977871979, -0.0031346954811128924, -0.0028365078180643266, -0.0092254297712717204, -0.0092991107038415954, -0.016975776501250373, -0.012507209426971144, -0.008463714446961923, -0.0038536073916968228, 0.0041229604685515397, 0.0018282657362345134, 0.00070310288100516871, 0.00063622027431087247, 0.002478198309809887, 0.00033996144950698692, 0.0060151179614988948, 0.0073454287742062974, 0.0018904493365798913, -0.0011431271682305066, -8.3138065822829788e-05, -0.0010264787835234657, -0.0066363303876846302, -0.0022000530984720434, -0.0019907732191444261, 0.0020035958068915782, -0.0019919929668033021, -0.0046562524504416558, -0.0051645760191343371, -0.0084782930071929385, -0.0067205468266986479, -0.016544996751171936, -0.014019906006456306, -0.012686263541530352, -0.012430732931744792, -0.010297011211826579, -0.0055125119448513615, -0.0087931315551248446, -0.0060541871625998667, -0.0073807815206006211, -0.016191177451607697, -0.034627226574106551, -0.037040809666470498, -0.028761059438524139, -0.026976415123312947, -0.022507787300159787, -0.016561738910558343, -0.016888803228412463, -0.017184755578550703, -0.024111300022549909, -0.021817714489249074, -0.021644804540291052, -0.015780847318385582, -0.016182193888014229, -0.0041791225400977794, -0.005684082274007185, -0.01180212892928223, -0.011630701555500167, -0.0086218335380974231, -0.010655429954701034, -0.012495580670851769, -0.015111936413436222, -0.014625663860979632, -0.0084781526287827091, -0.011476665900398864, -0.0084824505126688265, -0.0095780565089658154, -0.0067644461914522225, -0.0061209787753027101, -0.0093437180258071351, -0.012259894456569054, -0.010142423733272121, -0.0034701311486822206, -0.0097987797320047143, -0.010769170014022222, -0.015452248875079899, -0.010177358027637862, -0.013014234518272882, -0.010825007255465202, -0.0107465285046624, -0.01067551503890618, -0.0068062598446387845, 0.0024024280695327249, 0.0059788941657736849, 0.0035076538853227035, 0.0022227393634497439, -0.0065499415225889202, -0.0049756296266032507, -0.010209818564958617, -0.0082873611508884615, -0.00084028202997687984, 0.0039958958311845372, 0.0045670357717577659, 0.0041325968503236332, 0.0075444807762932165, 0.0058755634114002753, 0.0034141524608961582, 0.0068943783533512715, 0.0071898003701647006, 0.0093596188301301453, 0.0094205350389469089, 0.0066219089389774055, 0.0050407511481234124, 0.00075625320957506403, -0.0021694329771522192, 0.0018419310444239834, -0.00023578094190579435, -0.0068720968362794288, -0.0071696383806658659, -0.012195122407484327, -0.0081813146808520365, -0.0093055661996537253, -0.013176621039626912, -0.010971946771646035, -0.012781988850281589, -0.011566103158245244, -0.0076121308386163378, -0.019254267342974085, -0.012666460565710302, -0.013364062932179621, -0.014946555147695495, -0.011622266816063043, -0.010516699592041601, -0.007613800924490377, -0.009743286364809034, -0.011670204668775774, -0.017218821898330905, -0.01843463046796856, -0.023339782221186489, -0.016363341159915556, -0.018611776487769571, -0.018743831141050826, -0.020765822545192769, -0.019741724515611292, -0.016912545291736247, -0.011498743861602989, -0.013258674408161308, -0.011997444039626437, -0.011807437331212256, -0.0097330065566607615, -0.012612151946300276, -0.013314920415953502, -0.0072920935516904706, -0.0018421876229446355, 0.0087967917479221391, 0.0079599976192925581, 0.0053003050274060826, 3.9867826618245061e-05, -0.0018664230367280155, 0.011628609385159194, 0.0057661927261221102, 0.0080714317521461965, 0.010157385095692195, 0.0034836693126694129, -0.00065271133777633494, -0.0024931206621499058, 0.0034515325646551354, 0.0040744550184821371, 0.0017843743633183529, -0.0012391117679371177, 0.0036350047409281494, 0.0023379759788526577, 0.0059205730751910046, 0.0053573790233807372, 0.0010427618829043084, 0.00569981533878261, 0.0032551224099730547, 0.0029454791447132145, 0.0026652906709010438, 0.0033630043235226559, 0.0068480956785541558, 0.0080991695509218253, 0.010182484338523423, 0.012067623969510333, 0.013773439840192303, 0.0067557471317507556, 0.0061131072129767539, 0.0093365952452328926, 0.0055947046918660703, 0.0012575119656932365, 0.00018664201835205674, 0.0011201369306443887, 0.0029160824319687251, -0.0011663065607381284, 0.0017983859190233709, -0.0059826791590005257, -0.011121072589164172, -0.0081606829874192321, -0.0083356478747238505, -0.0084939692407757228, -0.0076859810795100181, -0.0079061019487642881, -0.010007782276956867, -0.010007041988468579, -0.0081038736804148748, -0.017796734745865628, -0.018006320181249702, -0.014390971939546304, -0.010168284197513699, -0.0082497777369057168, -0.01031876593256742, -0.0074346956889290716, -0.007678720061355282, -0.0040945347554952605, -0.0027537932366401563, -0.0024918388698762506, -0.0013035536720860108, 0.0016741944284333066, -0.00038756162538833294, 0.0015518035834363175, -0.001449559270529921, -0.0022629192777512408, -0.0010964100383001885, -0.0028946125584070614, -0.0016680135449229638, 0.0013444037725620639, 0.0012165174685976332, 0.0030032947787690389, -0.00013614106189674402, -0.00012319065400667739, -0.0058189674710065198, -0.0033629402049166757, -0.0058967884395006998, -0.0072383553387549426, -0.0084523057913967747, -0.0095507793019526943, -0.0057885145069027644, -0.0052378825160968034, -0.005690878570177027, -0.0032470357507836667, -0.0048406601677983829, -0.0034289435273162638, -0.0012002671023823019, 0.0046214035304283918, 0.0051330420999180504, 0.0017910142115065142, -0.00028185431506466685, -0.0021575413847867431, -0.0076598007472568064, -0.0059799135791238633, -0.0054110747665072623, -0.006798845141005927, -0.0052008563077396985, -0.0028036268178257551, -0.0044394304749899582, -0.0030658807777292907, -0.003725488327695814, -0.0033711015412141165, -0.0011479273306949089, -0.0010387308329322664, -0.0018911708632241009, -0.0045650210415986159, -0.004130773771213736, -0.0056403326779910223, -0.0089087933509981454, -0.0071100958588901086, -0.0054824993253714815, -0.007814724664006345, -0.0080225988098310275, -0.006308200504304029, -0.0085618810827203795, -0.0058449343733388837, -0.010045181545765391, -0.0081383852152998593, -0.0073642219567124911, -0.0066637009176919726, -0.006029816887848316, -0.0073587294663335356, -0.0076099801197568873, -0.004032333695477508, -0.0046000074870531371, -0.0032111829140490933, -0.0067107162688109234, -0.0041698614679104296, -0.0056757021605897684, -0.0013308045565243454, -0.0021554610966489918, -0.00099917380829062097, -0.0028066259171901642, -0.0015883966260861193, 0.00046519791848176339, 0.0023234444422342015, 0.0021024269709593035, 0.0019024337693940296, 0.00077021568579738187, 0.0016481981985090322, 0.00054016425375547072, -0.0014137172681851773, -0.0012792375233581232, -0.0040112978129394072, -0.0026784742017498253, -0.0024236845523031292, -0.0031443809681044321, -0.00094277353441141187, -0.0027555907149632297, -0.0024934653632140424, -0.0060612715439973819, -0.0092896904402204328, -0.0036497632633207822, -0.0061563274768543508, -0.0055707073059814149, -0.0040895449884432722, -0.0056030257799646321, -0.010777533708185683, -0.013557318534038743, -0.010365181226881681, 0.00013329802580663852, -0.00083063115822223921, -0.0017028666538334569, -0.00058963237653308909, -0.0014847928624477369, -0.0013435520572624426, -0.0050207436515492532, -0.010250641121801962, -0.0083243004651976094, -0.009434950472420045, -0.0085374515449165855, -0.0086765763525873396, -0.0078512177040588327, -0.0099581188917463592, -0.0042546075105507342, -0.0019473898636359621, -0.0036646429942575054, 0.0023914512029783452, 0.0078714599122444717, 0.0033176910233820855, 0.0039533451433793054, -0.00022771338381533113, -0.00020605216594793418, -0.00018645146973961246, 0.0026850323709459722, 0.0014783696564411031, 0.0013377398582257172, 0.00025923823886708774, 0.0040395751005228853, 0.0074603077131838447, -0.0018105964534491648, -0.0035408620465409157, -0.0032040378206485975, -0.0028992539729624234, -0.0026234626650056825, -0.0023739059836995757, -0.0021480883622300162, -0.0019437516243825392, -0.0017588524027796204, -0.0015915417052037029, -0.0014401464246804885, -0.0013031526084037459, -0.0011791903182110097, -0.001067019931200619, -0.00096551974350189695, -0.00087367475323851806, -0.00079056651050724014, -0.0007153639328811856, -0.00064731499458403619, -0.00058573920623228304, -0.00053002080994346557, -0.00047960262175372748, 0.010981010176918993, 0.0013751994631348019, 0.0098056266990331764, 0.017434110201921094, 0.019580688708203731, 0.019620575662118167, 0.019656668372653563, 0.017786829327465448, 0.015143609355826815, 0.012751825477746781, 0.0077338121952688077, 0.0069981339136440113, 0.0053811877514307049, 0.012479296444256605, 0.012243453563450135, 0.010127546778827767, 0.0082129154619936529, 0.0055291640800549935, 0.0021494551191914013, 0.0028962375884198366, 0.0064257300927077488, 0.0058144830190225427, 0.0090663776544279706, 0.0063014407480270762, 0.0076045151280066392, 0.012588631538166695, 0.0094886405059075862, 0.0076347850984332943, 0.0078597759813927581, 0.008063364624166347, 0.0025400915948314839, 0.0080059608984206498, 0.014854388250443495, 0.012490116507446025, 0.011301995149247457, 0.014031890621442056, 0.010794609681500589, 0.00786527483837407, 0.0090195896225315764, 0.0043566049845638055, 0.013454675472592825, 0.014077298957547058, 0.010835698553176787, 0.0098049535737882998, 0.0088722581301374781, 0.0070770360480634231, 0.0083063319856448992, 0.0084674420233574743, 0.0057594788221289051, 0.0042603596288466328, 0.0048063424713027381, 0.0014953918595717042, -0.0015006048335632904, -0.00040661069613401324, -0.01083167330236634, -0.012655058883822345, -0.011451247394941522, -0.017020692918084723, -0.00018161331673338665, -0.0011155865838752277, 0.0056492780409449495, -0.001546853629976308, 0.0052590352389532136, 0.0028562714827473634, 0.00068207044136858741, -0.0012853098955964981, -0.0049680417709674352, -0.0063979556245983282, -0.0095943474739250689, -0.008681685919090576, -0.0088070904431725161, -0.0098718150914112179, -0.0070302610116632636, -0.0044590095420327103, -0.0011810989480971479, -0.0029712454422674561, 0.0058726370261146243, -0.00039349243111752585, -0.0032098091534855655, -0.008611971626564241, -0.0058902600581074438, -0.0072324479691325827, -0.0046419634809486965, -0.0051516462867491342, -0.0075153439948674183, -0.0068004474837590756, -0.0052023062277632981, -0.0094636833523953356, -0.01046594965137615, -0.011372875446871156, -0.011242280777109759, -0.011124108915118835, -0.012919676581729878, -0.006934447256357501, -0.0062748085021739897, -0.012336662371087659, -0.0092606398861869721, -0.008379722239598042, -0.0085338510351298247, -0.012478315219913494, -0.0065350703596456228, -0.0059134223015995246, -0.0063021576862944961, -0.0047514162084021372, -0.0062019365517689273, -0.004660728601478592, -0.0061198755963780549, -0.0074402213472413159, -0.0067324708721265836, -0.0060920451057335789, -0.00075629369177265815, 0.00026689790637091093, 0.00024150926385280158, 0.0030722833731480215, 0.0056337803161752298, 0.0060491166229135196, 0.0045224456564314508, 0.0059947468056886777, 0.0063757462032776324, 0.0038667554037243868, 0.0025476813779330421, 0.0023053333856464242, -0.003621456591134109, -0.0042282150352006553, -0.0057285048493440627, -0.0070860797119811636, -0.014022010690088571, -0.013639417237021334, -0.016146965615499109, -0.014610986771232071, -0.0094161209157772596, -0.013276659247005718, -0.010111219632628732, -0.011051889093478096, -0.016659323543887439, -0.020782102010010739, -0.02165895383705907, -0.01769614910385231, -0.016964053520859945, -0.01630159847307544, -0.009043414871947153, -0.0072319115181631588, -0.0074952257190106231, -0.015343485934848911, -0.012932688812785198, -0.0059949724802241811, 0.0031365417867097456, -0.0009668183849145251, -0.0008748498614878919, 0.0011108686027738734, 0.001956446533338152, -0.00013215872993876943, -0.0029733348002407567, -0.0017392473396444785, 0.0012799460870049906, -0.0016955563438254551, -0.0005830174591938686, -0.0033813056280544984, -0.0078159052926460859, -0.0042186702523632214, -0.0057198680132297675, -0.0013707691358781915, -0.0012403748287854732, 0.0017313633891946623, 0.001566667581891501, -0.00048485998904279626, 0.00051251149930742201, -0.00048749033679928999, 0.0043151282420765824, 0.0067583996639224431, 0.0042130089837830731, 0.0009584991737559001, 0.0018185712343665728, 0.0016455797875960521, 0.00053779491897643084, -0.00046461200045344597, -0.0023229142596128405, -0.0021019472219183655, 0.0019029972224573477, 0.0017219747601568969, 0.0034606704849085013, 0.0021802252553340118, 0.0029240807177628447, 0.0035971769873697212, 0.0051574942465748563, 0.012276881766596137, 0.0044502998084077205, 0.0049782146061034815, 0.0073584099893109212, 0.012365937131586069, 0.018799622084627376, 0.015108811061264493, 0.0089153404893393962, 0.0042622725420322638, 0.0019543257595961983, 0.0027196698939304653, 0.0043634599469295487, -0.00080785993867760197, -0.0026335107644959166, -0.0033342474782345199, -0.0020658282273058326, -0.0018693164783747385, -0.00074024867450228626, -0.00066983257709996025, -0.0025086132449185783, 0.0015350152731636868, 0.0032914955045271199, 0.0010758938120360995, -0.0028314473817845354, -0.0016108569507982118, -0.0024088735287697283, 0.00067401803687161532, -0.0022438455354691911, -0.0039328983434394615, -0.0054612801348441486, -0.0077955239473221916, -0.0070539753400984395, -0.0092367141454503532, -0.0055043247739070544, -0.0059319755290028198, -0.0034651983802138631, -0.00028182399550136239, -0.00025501550991924304, -0.0011820063991616614, -0.0029720665721204576, -0.0045918474108006535, -0.0051062975038633773, -0.0036693121325148681, -0.0061740167613919539, -0.0055867138987073517, -0.0031527797355601628, 0.0019033742894065675, 0.00077106673891735866, 0.0016489682952673945, 0.00054086109511963798, 0.00048941172564864743, -0.00050839274629144171, -0.0014112811456938879, 0.00062546530262164168, 0.0043709648434133719, 0.0030039279340141611, -0.0010868173552203153, 0.0018703137200684061, 0.0054973971522831455, 0.0049744576771204585, 0.004501262778728865, 0.0031218312883991572, 0.0018736181109542116, -0.0040121049840071699, -0.0045817030301829043, -0.0069996165461105875, -0.010138775447224635, -0.0091743252239107065, -0.0083016182528359295, -0.007511927464289414, -0.010602352829285788, -0.011496303283125009, -0.011353967550070454, -0.010273922272791669, -0.011199114657690856, -0.0072800520905418331, -0.0065875377034734228, -0.0040584002539896247, -0.006526092905670744, -0.0097102957061334649, -0.013542850683383012, -0.012254588068840722, -0.010137622115262257, -0.012027029261735933, -0.010882959041652374, -0.0050914723133601569, -0.0046071464068266899, -0.0070226396235364419, -0.0044521131378565393, -0.0078336031019050623, -0.0070884322180728709, -0.0054628964366965072, -0.0020894911802367133, -0.0028419777144792491, -0.00066913636669196919, -0.0025079832614713915, -0.0013181623296905087, -0.00024152302120672431, -0.0030722958218349916, -0.0018287947017814332, 0.0011989169107042841, 0.0020361192528470795, 0.0018424335677935666, -0.00023532622103239476, 0.00073830838710620128, 0.0035218245185664188, 0.0012843127965869172, 0.0021133918617484149, 0.0028636048455270569, -0.00026254300113892626, -0.0040425654975413394, -0.0074630136489188814, -0.0048505966184357874, -0.0043891839935872312, -0.0039716632086741477, -0.0026426098361227446, -0.0023912317816581208, -0.0040662644844595697, -0.0017769629532056186, -0.0035104279303839192, -0.0079327448460415617, -0.0052756446720838568, -0.0047737993842971171, -0.0024171936509036485, -0.0050410059526440065, -0.0036102314350108244, -0.0032668084514524409, -0.0020048043326839071, -0.0037165959164173756, 0.00044194185903512206, 0.0042048990530783037, 0.0028536591390269095, 0.0016309558163656313, 0.00052456205186857119, -0.00047658609211032044, -0.00043125087728501654, 0.00056102104849209411, 0.0033614016242045075, 0.00018790089780873487, 0.0011212760592909099, 0.00291711320109167, 0.0016883738157278394, 0.0091377611460465857, 0.0063660338905751068, 0.0057604654134602029, 0.0014075047115791328, 0.0012736159357142895, 0.0002012140994813727, 0.00018207362396838178, -0.00078649533502961333, 0.00023956919207179794, 0.00021678019136883719, -0.0017063394468701532, -0.0043977716993031102, -0.0058819324490042568, -0.0053224140837451195, -0.0038648706395987276, -0.0025459759018477968, -0.0013525409231158747, -0.0031263790127900037, -0.0018777332334165564, -0.0016991140061026755, 0.003218760179775515, 0.0010100774293757553, 0.0018652431124452917, -0.0011659356522608633, -0.0010550261143142947, -0.0019059160572365563, -0.00077336672128058837, -0.00069980027226268504, -0.00063323182596741745, -0.00057299569793167748, 0.00043275969284950477, -0.0015109049786157236, -0.00041593104069193032, -0.0022788640723501175, -0.0020620873052816791, -0.0037684298507163483, -0.0034099582552085117, -0.0021343370225270775, -0.0028825575995212738, -0.0035596037525105206, -0.0013184982838498893, -0.0011930762374776638, -0.0020308341732053758, 6.4847208509855037e-05, 0.0010099278425852454, -0.00098863990408859515, -0.0018458448300782138, -0.0035727574240937976, -0.002281649933175256, -0.0020646081613133749, -0.00091696325133949763, -0.00082973719360412979, 0.0011516899316450502, 0.0019933847364859147, 0.0027550133886915518, 0.0024929429550590854, 0.0022558019509770766, 0.0029924681861299707, 0.0027078098834192321, 0.0024502296795425593, 0.0012659025527363976, -0.00075701476826761649, -0.00068500379750413565, 0.0012826555747345036, 0.0021118922829952425, 0.0038134971338112944, 0.0044019877362400095, 0.0020807505568560813, 0.0018828193224909029, 0.00075246706162568344, 0.0016321379108266143, 0.0033793793588610122, 0.0049604146004837979, 0.0073423032078370198, 0.0094976148472678545, 0.0076429057562714675, 0.0069158749425630717, 0.0081605013177301622, 0.0064329850468998195, 0.0086747955054380377, 0.0068983570401308647, 0.010047148243850224, 0.0071889156116577979, 0.004602572135581795, 0.0060672512597617079, 0.0054901044570891955, 0.0040166094792626339, 0.00078078215677868101, 0.0026090087544878848, 0.0033120762200167242, 0.0048995136674707673, 0.0044334478121492715, 0.0030604672152243495, 0.0037205897299017465, 0.0024154197024279789, -0.00066809456747130014, -0.00060454212387028861, -0.001498284321233001, -0.00040451092235826991, -0.00036603185243189174, 0.0034737837778702207, 0.0040945895867761095, 0.0037050920718244562, 0.0043038946973164016, 0.006748234709231582, 0.0070575586287886516, 0.0035324612557334767, 0.0060501838135862407, 0.007377158989849697, 0.010480404195461368, 0.010434705783853193, 0.0094421052103581538, 0.010446424128416343, 0.0018427150905089285, 0.0035699254007566239, 0.0060840841847373817, 0.0036028377119396993, 0.0051626164951619202, 0.0056227722236110722, 0.0041366572348455755, 0.0056456564776041773, 0.0089136107245884055, 0.0080657041999190326, 0.0072984547172483261, 0.0066041897817501471, 0.0059759667440695274, 0.0054075033738296696, 0.004893115037328144, 0.0044276578511999176, 0.004006477243583273, 0.0036253614084027497, 0.0032804991873063294, 0.0029684419580831012, -0.0087289214882599886, -0.001239838974709695, 0.0064880943688181425, 0.013480908656034352, 0.026467276567886611, 0.032510821927066669, 0.024661986429367566, 0.019462269235411611, 0.014757174733810441, 0.0095484027598216059, 0.022908849988207525, 0.015022152102249109, 0.018349417154288616, 0.021360176377871465, 0.013620795948257047, 0.0085201219175754517, 0.0020021506666196842, 0.0027629454604052306, 0.0034513697087952266, 0.0069280553134478673, 0.010074021471234929, 0.01101822940428443, 0.0099701211919267507, 0.01092421263093879, 0.017495041514609788, 0.025343319252877361, 0.024835036425872925, 0.03008259928147794, 0.033879738910172374, 0.019241940753193187, 0.032631540156046857, 0.020966224467334538, 0.025630558538896953, 0.051729930249523548, 0.03729663247364412, 0.031846294780301765, 0.036426912232012665, 0.033913054267967979, 0.029735828407153164, 0.049737191323536045, 0.055469686296728771, 0.027363155442511999, 0.010491499120246051, 0.02566473282038384, 0.027979623212024851, 0.026269312956885837, 0.016160452853790641, 0.022233184794833605, 0.038191990000800757, 0.027900235393924611, 0.028099975338237826, 0.0092557306414331464, 0.003619033887743317, -0.010993964724320016, -0.0099481646877506158, -0.0147093416164088, -0.0037976244456308095, 0.0013198703820660462, -0.02924565721624317, -0.021707420256888099, -0.0053737653028518295, -0.0020088386385443968, -0.0046714956789726259, 0.00052912608160982089, -0.0033262038745172084, -0.0068147958693889343, -0.0042640405046050489, -0.0086146700829417, -0.016356443241008822, -0.010044291755334722, -0.0014788355280392906, -0.0098994043913496199, -0.0156164688591236, -0.014130953477413222, -0.0089817507515772554, -0.0081273624121567245, 0.0040607429398420436, 0.0350656893354655, 0.042193809790493031, 0.048643868343424934, 0.0411628765036407, 0.03819851030779331, 0.039321126093923908, 0.062215685194669135, 0.034418690941384611, 0.046364603166790364, 0.034344180150462922, 0.017759703617290068, 0.016070313196440367, 0.009785379808930017, 0.0012445525603341778, 0.0011261645951416988, 0.0095802812534260262, 0.024840194482044886, 0.029136017458233798, 0.054901932662680952, 0.042069396844203411, 0.041872545630868618, 0.054060659730267524, 0.091724358579270859, 0.063974101731938404, 0.066449813273952607, 0.051567536993655239, 0.056174671258069964, 0.04892856159836434, 0.044274235994093303, 0.039111403530037947, 0.042049678859083173, 0.047562198635894504, 0.050647841959614581, 0.045829969945130777, 0.043372896069548084, 0.044954548033560471, 0.036873253280658602, 0.020999448083038885, 0.022806874101574337, 0.047272350134526242, 0.061800555911022848, 0.079703013345255869, 0.074975018078990097, 0.094478003486639928, 0.065514557162629217, 0.1154061939882487, 0.13486816382117439, 0.11442884650330942, 0.078811331695427533, 0.13219435997975371, 0.069203173156047626, 0.026472756359777527, -0.033120415706846096, -0.013798602011710237, -0.0001197712155907027, 0.017965357186722208, 0.0029389149099765532, -0.00019439680069321952, -0.019200889214697092, -0.028789396763046149, -0.0098795709070005344, -0.0060860298361751219, -0.0026533490637117296, 0.044210262325466765, 0.053322253647523077, 0.050152476869354423, 0.055845467837404961, -0.012249276434999068, -0.021547806386875479, 0.02140564346253182, 0.049809408329588578, 0.031753803172589024, 0.05727070171521742, 0.070847815077748066, 0.076474662052979703, 0.054931277496440778, 0.041144701033216435, 0.040084562217025166, 0.053394007318879666, 0.072096137031997465, 0.016724287416333361, 0.041768369033110098, 0.037795156187915957, -0.027631304377525367, -0.0012216482114890681, 0.052164517283909362, 0.04815362086726882, -0.023014433941176193, -0.018922689268830339, 0.036147286375979526, 0.021293787943245768, -0.038757984376581511, -0.094999834979625497, -0.13162294563658961, -0.16761603340909481, -0.19638028463679102, -0.13774715815532623, -0.080886506376515399, -0.028483470441743819, -0.067628948206368555, -0.10970945999113191, -0.094517110071205224, -0.058891199198313871, -0.051386680030256926, -0.034132286245527332, -0.018519215323252958, 0.0060724048627642802, -0.0097252196915924571, -0.059216317572690969, -0.066900859060240236, -0.026291948152140421, -0.038059666931538061, -0.017316758129325649, 0.010965475288844395, 0.015629880625952275, -0.0010768980646318482, -0.015243196516137481, -0.0023781980002270942, 0.047312987324681366, 0.062788576711360733, 0.061572064349553202, 0.069032515608766332, 0.056758307629566573, 0.075140408538138637, 0.0080639821962886771, 0.052956859065881545, 0.012723120849503999, -0.026537133817553737, -0.075380248898937019, -0.11386967115095992, -0.13442905181861597, -0.10356776357875663, -0.061373414678809191, -0.066950264033001972, -0.050117883973848976, -0.05010667027003457, -0.051999021708370563, -0.038491375848190401, -0.02436614530704162, -0.03821955437126423, -0.039340168342499204, -0.034646688678808601, -0.069400893910632533, -0.036164161140260553, -0.050797783308367706, -0.047868146574233883, -0.038558446767765986, -0.032988079088151601, -0.043167579715018611, -0.036207519403710364, -0.045129521802039996, -0.040836579561964292, -0.050269492193659282, -0.045487610671139933, -0.025940617739731664, -0.026326766160496007, -0.0095536962878153275, -0.012449898552787886, -0.010314353704663048, -0.001723207855509834, -0.0015592878427126422, -0.0042647083675166897, -0.0010052806576457129, -0.019934637808027844, -0.013282110843364059, -0.011067401866033499, -0.011917114566538878, -0.016490995291610133, -0.016824789090696513, -0.01807808000041522, -0.021114650149588243, -0.026716114459432561, -0.029882241474420645, -0.015624704949102508, 0.0020328306253500905, 0.0027907069904555826, 0.0053789888649151685, 0.0067698114082994643, 0.008979581285491367, 0.0014666547782882233, -0.0081853528403077469, -0.007406721790055748, -0.0057509087379798984, -0.0090088508719086136, -0.0062493861962060748, -0.0047036646021911821, -0.0099637241922732045, -0.010918424145377692, -0.0079773114610359741, -0.0100722179899293, -0.031944080312948486, -0.035564146703770838, -0.032181110023556059, -0.013899896927976219, -0.011626421097551631, -0.020032950895077839, -0.020029816443754456, -0.024783226255494117, -0.02242572379171337, -0.025048724664475053, -0.025519714344431232, -0.010725913652231078, -0.010656861172703813, -0.011545626524628538, -0.00093485750509936238, -0.0056021753564965415, 0.0025407248949669281, 0.0089577831756546544, 0.0014469302119488603, -0.0034469550101876578, -0.0012165652443507646, -0.011564580987383, -0.0057082550246883024, -0.0061165069305904041]
filter:
[4.6399999999999997, 4.6701492537313429, 4.6904289332587741, 4.7032490456886684, 4.6962088118389529, 4.6987118693911896, 4.7407059874721478, 4.7683096891097509, 4.7955009183999584, 4.8365493204755232, 4.8922115274181639, 4.9322508712743325, 4.9664757474793824, 4.9982076763521439, 5.0300862857489772, 5.055988901538524, 5.098238227631124, 5.1397268779598191, 5.1935999924926319, 5.2594852265216891, 5.3135341691686309, 5.3502842500908168, 5.3677458232813944, 5.3950651918712653, 5.4746600141681583, 5.5107820441902442, 5.5097465849302889, 5.5289448613669192, 5.5558515358323817, 5.5811104084515248, 5.5447733749369794, 5.5271213839177573, 5.4853941731927627, 5.4257325334798345, 5.3803719894600333, 5.3422132451615774, 5.3362858790552652, 5.3261623852278497, 5.308434978029581, 5.2657407071095346, 5.2356846087729432, 5.2199147270748423, 5.2008888186052502, 5.1836750898438657, 5.1833253858554267, 5.1963299385686943, 5.2280770549022719, 5.2606081351686518, 5.2976543086242369, 5.340688700956183, 5.4015089750898753, 5.4422723534973683, 5.4924756347680503, 5.5864187620466232, 5.6676191133616207, 5.7220687236934928, 5.800827899462039, 5.9082428509716962, 6.0425387434729041, 6.1069832157390529, 6.1101239755924164, 6.1253323318109008, 6.1324351498220677, 6.197840169264051, 6.2570234204129651, 6.2810879129334758, 6.3000094838146463, 6.297154824852309, 6.2955229691911745, 6.2892900884566201, 6.2522588339666001, 6.2130426880167366, 6.1804107405662068, 6.1261504109331062, 6.0837103543181525, 6.0624299105295716, 6.039368771970917, 6.0584538101736696, 6.0681133869935717, 6.093976587374093, 6.1107208047586843, 6.1220672311145741, 6.1180655883973909, 6.1363233367151437, 6.147136821599342, 6.1436041840323394, 6.1404075884185882, 6.1403688165997918, 6.1498462256033966, 6.1479583548669474, 6.1338838274504122, 6.1240018862086201, 6.1064987207611772, 6.0887580441862177, 6.0812661912695214, 6.1049269756982163, 6.1301420266973841, 6.1700809839656525, 6.2309532308318953, 6.2831812621873473, 6.3313923552869147, 6.4026035993333776, 6.4594308855001366, 6.4956324929090297, 6.4941454532378984, 6.4947023665427244, 6.4971088019546093, 6.5107013160339084, 6.5315620862532953, 6.5485359788876725, 6.5791152188310722, 6.6258105953599147, 6.6832840653557515, 6.7362416252168629, 6.7670391153642573, 6.7949069966623057, 6.8020502127467601, 6.8237339184760444, 6.8376474680699006, 6.8464324954645761, 6.9076518041224615, 6.9820726152155332, 7.0532191493380836, 7.1309153640293577, 7.2040744800189565, 7.2417368642151887, 7.3347940686775468, 7.4361216997812507, 7.5449330338373644, 7.6719311748233388, 7.7897023752161383, 7.8686843719883619, 7.9686906890721723, 8.0487201716293999, 8.1097218652659926, 8.2172394846402224, 8.3658969567260186, 8.4442896944149695, 8.5513727993976243, 8.6939295949210535, 8.8857081348955447, 9.0430725194835428, 9.1683451433112406, 9.227480013047634, 9.2286709758295746, 9.2383098913473418, 9.2384706628010509, 9.1901024306767756, 9.1529939673973519, 9.0832679734423465, 8.9488309677423779, 8.8557197483115981, 8.7077320286423543, 8.6023591058512956, 8.5412547460288586, 8.4840604352272617, 8.3866467662311344, 8.2984995648973197, 8.2196886084322056, 8.1027145755046117, 7.9350364890499359, 7.7852112659252111, 7.6562968999978152, 7.5976717054736262, 7.5341594865871979, 7.4671763703693914, 7.4274925006892305, 7.4201210326077129, 7.4020357842155722, 7.398988382741738, 7.4028896096333963, 7.414029726379189, 7.4022314083350977, 7.4020191457913329, 7.3609233582573044, 7.3123218136691488, 7.2464647551640082, 7.1868723442105082, 7.1262899121610381, 7.0562503917175778, 6.9700433939178925, 6.8796705902009601, 6.7997969908254872, 6.7608150840486454, 6.71412633747559, 6.6861475925731657, 6.6703428157937239, 6.6636514609300193, 6.6585478698953402, 6.6805647357119158, 6.6985847504461606, 6.7215493572229423, 6.726158220836628, 6.7455486541742804, 6.7640458232734, 6.7379772357176275, 6.7105834236401307, 6.6705754582834347, 6.6381782443884729, 6.6221803020135468, 6.6200704025151813, 6.6219662039208682, 6.6284379134643885, 6.6447577435595289, 6.6661838956283397, 6.6789131421153582, 6.6875777723643557, 6.708735669413147, 6.7259784247166197, 6.7701184408590098, 6.8176696351677899, 6.8530875320704476, 6.8965512949305108, 6.9320755738609785, 6.9689768546286812, 7.0033191531623959, 7.0695908643575613, 7.0858010200889501, 7.0624192172322271, 7.0640915878212267, 7.0922398524407404, 7.1167592663649364, 7.1427512698316811, 7.1786370258531687, 7.2168166474515383, 7.2370956972285478, 7.2383232180227921, 7.2603614538312149, 7.2793520549582249, 7.2946336781953667, 7.300851644456662, 7.2950631365258234, 7.2717515247854676, 7.2344861915576404, 7.1988632218059401, 7.1380914076805473, 7.0897592521700359, 7.0660009227954506, 7.0426001042093693, 7.0375965234007074, 7.0330689078260527, 7.0403869719663588, 7.057472647243304, 7.0643718060151572, 7.0658584367485364, 7.0681549010691258, 7.0493054315664558, 7.0341515148189009, 7.0156828671209093, 7.0113372879505524, 6.9798188542876751, 6.958908602925475, 6.9361824407136297, 6.9165693521286453, 6.9045294523832972, 6.8660486197897566, 6.8198132827574129, 6.7656098386962178, 6.7080012500444592, 6.6406526863775444, 6.5682956589377053, 6.5075778341858683, 6.4497820401167143, 6.3784590820542268, 6.3177257116911818, 6.2779895859606496, 6.2372771099910986, 6.1871199160453081, 6.1455389181388709, 6.1098158078532725, 6.0851008494040064, 6.0751031393052068, 6.0689102082586341, 6.0566476347565725, 6.0360390454048263, 6.0297570863635537, 6.028828944284542, 6.0203790978905749, 6.0203430362333137, 6.0136516604003107, 6.0104505488304865, 5.9913827060136411, 5.9741286902569319, 5.9661259551605923, 5.9607869780553084, 5.9578583691700278, 5.9609158392947981, 5.9532187263955407, 5.9329363116840881, 5.9155345093092011, 5.9121542918838319, 5.907193118937851, 5.9084113724995992, 5.9057087429074429, 5.8975557054260106, 5.8882757265593888, 5.8865372494964365, 5.8821103972692734, 5.8885683904317778, 5.889655821399975, 5.8839810660440968, 5.8836023674472848, 5.8870646894038456, 5.8882951598149953, 5.8894085818242949, 5.8818548466743117, 5.875970909210797, 5.86303668708159, 5.8579915763612735, 5.8581826275031954, 5.8555017572609742, 5.8445146616138368, 5.8022302391121867, 5.751601879145233, 5.7105457840683567, 5.6600776577560135, 5.6077515634831547, 5.5537442403070525, 5.4877518735789703, 5.4299395240261275, 5.3690653267360204, 5.3244455241302493, 5.2764601830079805, 5.2301856960566164, 5.168336832451593, 5.1000050973146598, 5.0400759115903231, 4.9829937373227144, 4.9341952480875078, 4.8947949574318015, 4.8515326225926128, 4.7847993866073244, 4.7358291351248099, 4.6867609288949179, 4.6404578335145255, 4.5985593164692782, 4.5844276230818499, 4.5640302121674399, 4.5436706049352535, 4.5309551990707702, 4.5156443483180944, 4.487521202752724, 4.4573170231162553, 4.4337910105898493, 4.4086979112904423, 4.3821867942250394, 4.3477338036849114, 4.3165581511816322, 4.2988118216071447, 4.2713386196120284, 4.2521862991313828, 4.2320020939828753, 4.2108841621150219, 4.2031900625050191, 4.2000328603989665, 4.1914684915785534, 4.1808650600147512, 4.1665140329524712, 4.1525768969999906, 4.1237942932821845, 4.0948958848380244, 4.0658926875830694, 4.0453559125222958, 4.0239189489275695, 4.0083261717010199, 3.99421665619148, 3.9795468088044048, 3.9805411678012494, 3.9842946861352817, 3.9781786591334165, 3.9745469171623355, 3.9636506506050777, 3.9556933889933203, 3.9561030550292968, 3.9640837453733666, 3.9770127684895202, 3.9934681653891939, 4.0055044962835851, 4.0202008690197122, 4.0268405059079608, 4.0480685353708896, 4.0796434900439529, 4.1091661288371801, 4.1406366750174044, 4.1576985973111027, 4.1712350071384616, 4.1758737732794051, 4.1867300216912184, 4.196553570319943, 4.1997351593335175, 4.2035653491601517, 4.1975187002811376, 4.1977547337232846, 4.2084320559196398, 4.2190449478949166, 4.2267457909096926, 4.2375190887124656, 4.2349013375459377, 4.2315813505351443, 4.2418946661058525, 4.2369581900417446, 4.2324912958780541, 4.2274980654534184, 4.2267848125622169, 4.2232856601374626, 4.2201193643140833, 4.2191567605732949, 4.214480727559339, 4.2311769846549279, 4.2500900084759659, 4.2672039323817632, 4.2655674096563274, 4.2621840625880054, 4.259122556145563, 4.2554010260448516, 4.2463260108862384, 4.2286017636392375, 4.2106610355891787, 4.1925244194555615, 4.1770642967362246, 4.1649773154237, 4.1483326119470627, 4.1342224838096211, 4.1300158234878008, 4.1357218135981091, 4.1589587570191737, 4.17808278957098, 4.2125101359735471, 4.242711334516124, 4.2852596339194635, 4.3285167757606224, 4.3648053377002123, 4.3852757131603788, 4.4066525934113248, 4.4193372550583083, 4.4365227845742252, 4.4482685450569841, 4.4646044863086631, 4.4727277278853537, 4.4762732498619977, 4.4889939965345116, 4.514773421468246, 4.5247830915405123, 4.5357430909676344, 4.5475630197438823, 4.5715760677937203, 4.5828411351045197, 4.5825708723493888, 4.5842288167572018, 4.5571915727408356, 4.5298724967927031, 4.489932158296897, 4.4490348952854344, 4.4167842273254516, 4.3876014016387233, 4.3564383438697565, 4.3177759281225123, 4.2827912716564933, 4.2635007677634649, 4.2422402746691708, 4.2210996858821179, 4.1943601001960857, 4.1720666139514648, 4.1528450430660833, 4.1373544210508131, 4.1233373432460514, 4.1125561373131996, 4.0980442466548546, 4.0887177953419584, 4.0812297712022074, 4.0839665369717286, 4.0864429681109673, 4.0848788320524152, 4.0796584874354869, 4.0768372261323638, 4.0657230941130384, 4.0623249375729191, 4.0592500304085295, 4.0517113774495996, 4.0429873398257152, 4.029385680281738, 4.008516634563053, 3.9867790075308234, 3.9680604197936269, 3.9530249346938171, 3.9470296926987456, 3.9377997507517613, 3.9294478063122948, 3.9256953368148513, 3.9194460730263811, 3.9185475160668002, 3.9224906803665123, 3.9232050038107142, 3.9181438819746734, 3.9050029559808537, 3.8931120595468425, 3.885206031367475, 3.8713933189637069, 3.863650785848201, 3.8566447605911773, 3.8550614290386904, 3.8555312102160406, 3.8588100511547263, 3.8617769926049594, 3.8673154516404171, 3.870424566752829, 3.8684816814341438, 3.8733823574678756, 3.8835243523946361, 3.9022140830425935, 3.9143697084223517, 3.9320277754244084, 3.9556161139385098, 3.9769606135919964, 4.009592208457553, 4.0315097316498854, 4.0437323584009164, 4.0528898102965059, 4.0592736618556104, 4.0688552469121717, 4.0775253844378545, 4.0768095328303904, 4.0752105273315049, 4.0842273685229102, 4.0999964771573447, 4.1123630521239027, 4.1197482607328002, 4.1188209581912254, 4.1160793667921123, 4.1212085628187207, 4.1496310749666421, 4.1829598916220307, 4.1969470704583136, 4.2057987231202798, 4.211905864573998, 4.216480815453731, 4.2158643283893769, 4.2115014877300156, 4.211358658826855, 4.211229416511963, 4.2111124683621908, 4.2110066448960408, 4.2109108878788506, 4.2108242397404494, 4.2107458339994528, 4.2211386280154262, 4.2400553005088035, 4.2638312705453449, 4.30627303612129, 4.3351650398611978, 4.3584549463405429, 4.3738219069649427, 4.3934345819773419, 4.4102303535897898, 4.4216234318592358, 4.4442989843036989, 4.4591100312728491, 4.4553896925996774, 4.4472670047538774, 4.4408682361753407, 4.4198581624429565, 4.4113104117519777, 4.4083320112771442, 4.3913681926192059, 4.3807743019860848, 4.3664319082741994, 4.3525025844253316, 4.3408495356404417, 4.3255487361133316, 4.3031421809698287, 4.2866720445149245, 4.267012382406544, 4.2501740933419541, 4.239693791309409, 4.2302104271899585, 4.2178241704635075, 4.1961524140247164, 4.1765421817261723, 4.1549923743659898, 4.135492490749467, 4.1178475320404386, 4.0999785502123647, 4.0885655999850394, 4.0772870565378394, 4.067081383656018, 4.0587977738304817, 4.0532046401826998, 4.0471923037170203, 4.0369956441898855, 4.0306226887638248, 4.0229534617859528, 4.0198187663048399, 4.0169822584867756, 4.0077568287155039, 3.9984577180116623, 3.9814819415104119, 3.9689747320834408, 3.9605110176364788, 3.956657410244782, 3.9607803707133336, 3.9626086364495681, 3.9633117393305732, 3.9639479596048841, 3.966426157914694, 3.966766119364201, 3.9727812373256999, 3.9801266660999062, 3.9820171154364861, 3.9808739882682556, 3.9807908502024327, 3.9797643714189093, 3.9731280410312246, 3.9709279879327526, 3.9689372147136082, 3.9709408105204997, 3.9689488175536964, 3.9642925651032548, 3.9591279890841204, 3.9506496960769275, 3.9439291492502289, 3.9273841524990569, 3.9133642464926006, 3.9006779829510703, 3.8882472500193255, 3.8779502388074989, 3.8724377268626475, 3.8636445953075227, 3.8575904081449228, 3.8502096266243222, 3.8340184491727145, 3.799391222598608, 3.7623504129321375, 3.7335893534936133, 3.7066129383703004, 3.6841051510701406, 3.6675434121595822, 3.6506546089311698, 3.6334698533526191, 3.6093585533300692, 3.5875408388408201, 3.565896034300529, 3.5501151869821435, 3.5339329930941292, 3.5297538705540314, 3.5240697882800243, 3.512267659350742, 3.5006369577952419, 3.4920151242571444, 3.4813596943024434, 3.4688641136315916, 3.4537521772181554, 3.4391265133571758, 3.4306483607283931, 3.4191716948279942, 3.4106892443153254, 3.4011111878063596, 3.3943467416149073, 3.3882257628396046, 3.3788820448137975, 3.3666221503572284, 3.3564797266239563, 3.3530095954752741, 3.3432108157432694, 3.3324416457292472, 3.3169893968541673, 3.3068120388265294, 3.2937978043082565, 3.2829727970527913, 3.2722262685481289, 3.2615507535092227, 3.254744493664584, 3.2571469217341167, 3.2631258158998904, 3.2666334697852131, 3.2688562091486628, 3.2623062676260739, 3.2573306379994706, 3.247120819434512, 3.2388334582836236, 3.2379931762536467, 3.2419890720848312, 3.246556107856589, 3.2506887047069126, 3.2582331854832058, 3.2641087488946061, 3.2675229013555023, 3.2744172797088535, 3.2816070800790182, 3.2909666989091484, 3.3003872339480953, 3.3070091428870727, 3.3120498940351961, 3.3128061472447712, 3.310636714267619, 3.3124786453120429, 3.3122428643701372, 3.3053707675338577, 3.2982011291531919, 3.2860060067457075, 3.2778246920648555, 3.2685191258652018, 3.2553425048255749, 3.2443705580539288, 3.2315885692036472, 3.220022466045402, 3.2124103352067856, 3.1931560678638116, 3.1804896072981013, 3.1671255443659216, 3.1521789892182261, 3.1405567224021631, 3.1300400228101215, 3.1224262218856311, 3.1126829355208221, 3.1010127308520463, 3.0837939089537154, 3.0653592784857469, 3.0420194962645604, 3.0256561551046448, 3.0070443786168752, 2.9883005474758244, 2.9675347249306316, 2.9477930004150203, 2.9308804551232841, 2.9193817112616811, 2.9061230368535198, 2.8941255928138934, 2.8823181554826811, 2.8725851489260203, 2.8599729969797201, 2.8466580765637666, 2.8393659830120761, 2.8375237953891315, 2.8463205871370536, 2.8542805847563462, 2.8595808897837522, 2.8596207576103705, 2.8577543345736425, 2.8693829439588017, 2.8751491366849238, 2.88322056843707, 2.8933779535327622, 2.8968616228454316, 2.8962089115076552, 2.8937157908455053, 2.8971673234101605, 2.9012417784286426, 2.903026152791961, 2.9017870410240238, 2.905422045764952, 2.9077600217438047, 2.9136805948189957, 2.9190379738423764, 2.9200807357252807, 2.9257805510640633, 2.9290356734740364, 2.9319811526187496, 2.9346464432896506, 2.9380094476131733, 2.9448575432917274, 2.9529567128426493, 2.9631391971811727, 2.975206821150683, 2.9889802609908753, 2.9957360081226261, 3.0018491153356028, 3.0111857105808357, 3.0167804152727018, 3.018037927238395, 3.0182245692567471, 3.0193447061873915, 3.0222607886193602, 3.0210944820586221, 3.0228928679776454, 3.0169101888186449, 3.0057891162294808, 2.9976284332420615, 2.9892927853673377, 2.9807988161265619, 2.9731128350470519, 2.9652067330982876, 2.9551989508213308, 2.9451919088328622, 2.9370880351524473, 2.9192913004065817, 2.901284980225332, 2.8868940082857857, 2.876725724088272, 2.8684759463513663, 2.8581571804187988, 2.8507224847298698, 2.8430437646685145, 2.8389492299130192, 2.8361954366763791, 2.8337035978065028, 2.8324000441344168, 2.8340742385628501, 2.8336866769374618, 2.8352384805208981, 2.8337889212503682, 2.8315260019726169, 2.8304295919343168, 2.8275349793759097, 2.8258669658309867, 2.8272113696035488, 2.8284278870721464, 2.8314311818509155, 2.8312950407890187, 2.831171850135012, 2.8253528826640055, 2.8219899424590889, 2.8160931540195882, 2.8088547986808332, 2.8004024928894364, 2.7908517135874837, 2.785063199080581, 2.7798253165644842, 2.7741344379943071, 2.7708874022435235, 2.7660467420757251, 2.7626177985484088, 2.7614175314460265, 2.7660389349764549, 2.771171977076373, 2.7729629912878795, 2.7726811369728148, 2.7705235955880281, 2.7628637948407713, 2.7568838812616474, 2.7514728064951401, 2.7446739613541342, 2.7394731050463945, 2.7366694782285688, 2.7322300477535788, 2.7291641669758495, 2.7254386786481537, 2.7220675771069396, 2.7209196497762447, 2.7198809189433124, 2.7179897480800883, 2.7134247270384897, 2.709293953267276, 2.7036536205892849, 2.6947448272382868, 2.6876347313793967, 2.6821522320540252, 2.6743375073900189, 2.6663149085801878, 2.6600067080758838, 2.6514448269931634, 2.6455998926198245, 2.6355547110740591, 2.6274163258587593, 2.6200521039020468, 2.6133884029843548, 2.6073585860965065, 2.599999856630173, 2.5923898765104161, 2.5883575428149386, 2.5837575353278854, 2.5805463524138363, 2.5738356361450254, 2.569665774677115, 2.5639900725165252, 2.5626592679600009, 2.5605038068633519, 2.5595046330550613, 2.5566980071378711, 2.555109610511785, 2.5555748084302667, 2.5578982528725009, 2.5600006798434602, 2.5619031136128543, 2.5626733292986517, 2.5643215274971607, 2.5648616917509162, 2.563447974482731, 2.5621687369593729, 2.5581574391464335, 2.5554789649446836, 2.5530552803923805, 2.5499108994242761, 2.5489681258898647, 2.5462125351749014, 2.5437190698116874, 2.53765779826769, 2.5283681078274696, 2.5247183445641488, 2.5185620170872944, 2.512991309781313, 2.5089017647928697, 2.5032987390129051, 2.4925212053047194, 2.4789638867706807, 2.468598705543799, 2.4687320035696056, 2.4679013724113834, 2.46619850575755, 2.4656088733810169, 2.4641240805185691, 2.4627805284613067, 2.4577597848097574, 2.4475091436879555, 2.4391848432227579, 2.4297498927503378, 2.4212124412054212, 2.4125358648528339, 2.4046846471487751, 2.3947265282570287, 2.390471920746478, 2.388524530882842, 2.3848598878885845, 2.3872513390915628, 2.3951227990038073, 2.3984404900271894, 2.4023938351705687, 2.4021661217867534, 2.4019600696208054, 2.4017736181510658, 2.4044586505220118, 2.4059370201784529, 2.4072747600366786, 2.4075339982755457, 2.4115735733760686, 2.4190338810892524, 2.4172232846358033, 2.4136824225892624, 2.4104783847686138, 2.4075791307956513, 2.4049556681306457, 2.4025817621469461, 2.4004336737847161, 2.3984899221603335, 2.3967310697575539, 2.3951395280523502, 2.3936993816276697, 2.392396229019266, 2.391217038701055, 2.3901500187698543, 2.3891844990263524, 2.3883108242731139, 2.3875202577626067, 2.3868048938297255, 2.3861575788351415, 2.3855718396289092, 2.3850418188189657, 2.384562216197212, 2.395543226374131, 2.3969184258372658, 2.406724052536299, 2.42415816273822, 2.4437388514464238, 2.4633594271085419, 2.4830160954811955, 2.500802924808661, 2.5159465341644878, 2.5286983596422345, 2.5364321718375034, 2.5434303057511474, 2.5488114935025781, 2.5612907899468347, 2.5735342435102848, 2.5836617902891126, 2.5918747057511062, 2.5974038698311612, 2.5995533249503526, 2.6024495625387725, 2.6088752926314802, 2.6146897756505028, 2.6237561533049307, 2.6300575940529578, 2.6376621091809644, 2.6502507407191311, 2.6597393812250387, 2.667374166323472, 2.6752339423048648, 2.6832973069290311, 2.6858373985238626, 2.6938433594222833, 2.7086977476727268, 2.7211878641801728, 2.7324898593294202, 2.7465217499508623, 2.7573163596323629, 2.7651816344707369, 2.7742012240932685, 2.7785578290778323, 2.7920125045504252, 2.8060898035079722, 2.816925502061149, 2.8267304556349373, 2.8356027137650748, 2.8426797498131382, 2.8509860817987831, 2.8594535238221406, 2.8652130026442695, 2.8694733622731161, 2.8742797047444189, 2.8757750966039906, 2.8742744917704273, 2.8738678810742933, 2.8630362077719269, 2.8503811488881046, 2.838929901493163, 2.8219092085750783, 2.8217275952583449, 2.8206120086744697, 2.8262612867154147, 2.8247144330854383, 2.8299734683243916, 2.8328297398071389, 2.8335118102485075, 2.832226500352911, 2.8272584585819436, 2.8208605029573453, 2.8112661554834202, 2.8025844695643296, 2.7937773791211571, 2.7839055640297459, 2.7768753030180826, 2.7724162934760499, 2.7712351945279527, 2.7682639490856853, 2.7741365861117999, 2.7737430936806824, 2.7705332845271968, 2.7619213129006326, 2.7560310528425251, 2.7487986048733926, 2.7441566413924439, 2.7390049951056947, 2.7314896511108273, 2.7246892036270682, 2.7194868973993049, 2.7100232140469096, 2.6995572643955335, 2.6881843889486623, 2.6769421081715525, 2.6658179992564337, 2.6528983226747038, 2.6459638754183463, 2.6396890669161723, 2.6273524045450847, 2.6180917646588977, 2.6097120424192997, 2.6011781913841698, 2.5886998761642563, 2.5821648058046107, 2.5762513835030112, 2.5699492258167167, 2.5651978096083146, 2.5589958730565456, 2.554335144455067, 2.548215268858689, 2.5407750475114477, 2.5340425766393211, 2.5279505315335875, 2.5271942378418149, 2.5274611357481858, 2.5277026450120386, 2.5307749283851866, 2.5364087087013618, 2.5424578253242753, 2.5469802709807068, 2.5529750177863955, 2.5593507639896731, 2.5632175193933975, 2.5657652007713305, 2.5680705341569769, 2.5644490775658428, 2.5602208625306422, 2.5544923576812981, 2.547406277969317, 2.5333842672792284, 2.5197448500422071, 2.5035978844267079, 2.4889868976554759, 2.4795707767396986, 2.4662941174926929, 2.4561828978600642, 2.4451310087665861, 2.4284716852226986, 2.4076895832126879, 2.3860306293756288, 2.3683344802717765, 2.3513704267509166, 2.3350688282778411, 2.326025413405894, 2.3187935018877308, 2.3112982761687202, 2.2959547902338713, 2.2830221014210861, 2.2770271289408619, 2.2801636707275716, 2.2791968523426571, 2.2783220024811692, 2.2794328710839431, 2.2813893176172813, 2.2812571588873425, 2.2782838240871017, 2.2765445767474572, 2.2778245228344622, 2.2761289664906368, 2.2755459490314429, 2.2721646434033884, 2.2643487381107423, 2.2601300678583791, 2.2544101998451493, 2.2530394307092712, 2.2517990558804857, 2.2535304192696803, 2.2550970868515718, 2.254612226862529, 2.2551247383618365, 2.2546372480250372, 2.2589523762671138, 2.2657107759310362, 2.2699237849148193, 2.2708822840885752, 2.2727008553229417, 2.2743464351105378, 2.2748842300295142, 2.2744196180290608, 2.2720967037694479, 2.2699947565475296, 2.2718977537699869, 2.2736197285301438, 2.2770803990150523, 2.2792606242703863, 2.2821847049881492, 2.2857818819755189, 2.2909393762220938, 2.3032162579886899, 2.3076665577970976, 2.3126447724032011, 2.320003182392512, 2.3323691195240981, 2.3511687416087255, 2.36627755266999, 2.3751928931593294, 2.3794551657013616, 2.3814094914609578, 2.3841291613548883, 2.3884926213018178, 2.3876847613631402, 2.3850512505986443, 2.3817170031204098, 2.379651174893104, 2.3777818584147292, 2.3770416097402269, 2.376371777163127, 2.3738631639182084, 2.3753981791913721, 2.3786896746958992, 2.3797655685079353, 2.3769341211261508, 2.3753232641753526, 2.3729143906465828, 2.3735884086834544, 2.3713445631479853, 2.3674116648045458, 2.3619503846697016, 2.3541548607223794, 2.347100885382281, 2.3378641712368307, 2.3323598464629236, 2.3264278709339208, 2.3229626725537069, 2.3226808485582056, 2.3224258330482863, 2.3212438266491247, 2.3182717600770042, 2.3136799126662035, 2.3085736151623402, 2.3049043030298253, 2.2987302862684333, 2.293143572369726, 2.2899907926341658, 2.2918941669235724, 2.2926652336624898, 2.2943142019577571, 2.2948550630528768, 2.2953444747785254, 2.294836082032234, 2.2934248008865401, 2.2940502661891617, 2.2984212310325751, 2.3014251589665893, 2.300338341611369, 2.3022086553314374, 2.3077060524837205, 2.312680510160841, 2.3171817729395698, 2.320303604227969, 2.3221772223389232, 2.318165117354916, 2.3135834143247331, 2.3065837977786225, 2.2964450223313979, 2.2872706971074872, 2.2789690788546513, 2.2714571513903619, 2.2608547985610761, 2.2493584952779511, 2.2380045277278806, 2.2277306054550889, 2.2165314907973981, 2.2092514387068563, 2.2026639010033828, 2.1986055007493932, 2.1920794078437225, 2.182369112137589, 2.168826261454206, 2.1565716733853653, 2.146434051270103, 2.1344070220083671, 2.1235240629667147, 2.1184325906533545, 2.1138254442465279, 2.1068028046229914, 2.1023506914851349, 2.0945170883832298, 2.0874286561651569, 2.0819657597284604, 2.0798762685482237, 2.0770342908337445, 2.0763651544670525, 2.0738571712055811, 2.0725390088758906, 2.0722974858546839, 2.0692251900328489, 2.0673963953310674, 2.0685953122417717, 2.0706314314946188, 2.0724738650624124, 2.07223853884138, 2.0729768472284862, 2.0764986717470526, 2.0777829845436395, 2.0798963764053879, 2.082759981250915, 2.0824974382497761, 2.0784548727522347, 2.0709918591033158, 2.0661412624848801, 2.0617520784912928, 2.0577804152826187, 2.0551378054464959, 2.0527465736648378, 2.0486803091803782, 2.0469033462271726, 2.0433929182967887, 2.0354601734507471, 2.0301845287786633, 2.0254107293943662, 2.0229935357434625, 2.0179525297908185, 2.0143422983558077, 2.0110754899043553, 2.0090706855716713, 2.005354089655254, 2.0057960315142891, 2.0100009305673674, 2.0128545897063943, 2.0144855455227599, 2.0150101075746285, 2.0145335214825182, 2.0141022706052332, 2.0146632916537253, 2.0180246932779298, 2.0182125941757385, 2.0193338702350294, 2.0222509834361211, 2.0239393572518489, 2.0330771183978955, 2.0394431522884706, 2.0452036177019308, 2.04661112241351, 2.0478847383492242, 2.0480859524487056, 2.048268026072674, 2.0474815307376444, 2.0477210999297162, 2.047937880121085, 2.0462315406742149, 2.0418337689749118, 2.0359518365259075, 2.0306294224421624, 2.0267645518025637, 2.0242185759007159, 2.0228660349776, 2.01973965596481, 2.0178619227313934, 2.0161628087252907, 2.0193815689050663, 2.020391646334442, 2.0222568894468873, 2.0210909537946264, 2.0200359276803121, 2.0181300116230756, 2.017356644901795, 2.0166568446295323, 2.0160236128035649, 2.0154506171056332, 2.0158833767984827, 2.014372471819867, 2.0139565407791751, 2.011677676706825, 2.0096155894015433, 2.0058471595508269, 2.0024372012956184, 2.0003028642730913, 1.9974203066735701, 1.9938607029210595, 1.9925422046372097, 1.991349128399732, 1.9893182942265266, 1.9893831414350365, 1.9903930692776217, 1.9894044293735331, 1.9875585845434549, 1.9839858271193611, 1.9817041771861859, 1.9796395690248725, 1.978722605773533, 1.9778928685799289, 1.9790445585115739, 1.9810379432480598, 1.9837929566367514, 1.9862858995918105, 1.9885417015427875, 1.9915341697289175, 1.9942419796123367, 1.9966922092918793, 1.9979581118446157, 1.9972010970763481, 1.9965160932788439, 1.9977987488535784, 1.9999106411365737, 2.003724138270385, 2.008126126006625, 2.0102068765634811, 2.012089695885972, 2.0128421629475977, 2.0144743008584243, 2.0178536802172853, 2.0228140948177691, 2.0301563980256061, 2.039654012872874, 2.0472969186291454, 2.0542127935717085, 2.0623732948894387, 2.0688062799363385, 2.0774810754417765, 2.0843794324819074, 2.0944265807257576, 2.1016154963374154, 2.1062180684729972, 2.1122853197327589, 2.1177754241898481, 2.1217920336691107, 2.1225728158258894, 2.1251818245803773, 2.128493900800394, 2.1333934144678648, 2.1378268622800141, 2.1408873294952384, 2.1446079192251402, 2.1470233389275681, 2.1463552443600968, 2.1457507022362265, 2.1442524179149935, 2.1438479069926353, 2.1434818751402034, 2.1469556589180736, 2.1510502485048497, 2.1547553405766742, 2.1590592352739906, 2.1658074699832222, 2.1728650286120108, 2.1763974898677443, 2.1824476736813305, 2.1898248326711802, 2.2003052368666416, 2.2107399426504948, 2.2201820478608529, 2.2306284719892693, 2.2324711870797782, 2.2360411124805348, 2.2421251966652722, 2.2457280343772119, 2.2508906508723738, 2.2565134230959849, 2.2606500803308305, 2.2662957368084347, 2.2752093475330231, 2.2832750517329421, 2.2905735064501904, 2.2971776962319406, 2.3031536629760101, 2.3085611663498398, 2.3134542813871679, 2.3178819392383678, 2.3218884164819511, 2.3255137778903539, 2.3287942770776602, 2.3317627190357433, 2.3230337975474833, 2.3217939585727736, 2.3282820529415917, 2.3417629615976261, 2.3682302381655127, 2.4007410600925794, 2.4254030465219469, 2.4448653157573585, 2.459622490491169, 2.4691708932509906, 2.4920797432391981, 2.5071018953414472, 2.5254513124957358, 2.5468114888736073, 2.5604322848218644, 2.5689524067394398, 2.5709545574060595, 2.5737175028664647, 2.57716887257526, 2.5840969278887078, 2.5941709493599427, 2.6051891787642272, 2.6151592999561539, 2.6260835125870927, 2.6435785541017025, 2.6689218733545799, 2.6937569097804528, 2.7238395090619307, 2.7577192479721031, 2.7769611887252963, 2.8095927288813431, 2.8305589533486777, 2.8561895118875746, 2.9079194421370982, 2.9452160746107423, 2.9770623693910441, 3.0134892816230567, 3.0474023358910247, 3.0771381642981779, 3.1268753556217139, 3.1823450419184427, 3.2097081973609547, 3.2201996964812007, 3.2458644293015846, 3.2738440525136094, 3.3001133654704953, 3.3162738183242859, 3.3385070031191195, 3.3766989931199203, 3.4045992285138449, 3.4326992038520827, 3.4419549344935159, 3.4455739683812592, 3.4345800036569392, 3.4246318389691885, 3.4099224973527797, 3.4061248729071489, 3.407444743289215, 3.3781990860729718, 3.3564916658160837, 3.3511179005132319, 3.3491090618746875, 3.3444375661957149, 3.3449666922773247, 3.3416404884028075, 3.3348256925334185, 3.3305616520288135, 3.3219469819458718, 3.305590538704863, 3.2955462469495282, 3.294067411421489, 3.2841680070301393, 3.2685515381710157, 3.2544205846936025, 3.2454388339420253, 3.2373114715298685, 3.2413722144697106, 3.2764379038051761, 3.3186317135956691, 3.367275581939094, 3.4084384584427347, 3.4466369687505281, 3.485958094844452, 3.5481737800391211, 3.5825924709805057, 3.6289570741472961, 3.663301254297759, 3.6810609579150491, 3.6971312711114894, 3.7069166509204194, 3.7081612034807536, 3.7092873680758953, 3.7188676493293213, 3.7437078438113662, 3.7728438612696, 3.827745793932281, 3.8698151907764844, 3.911687736407353, 3.9657483961376205, 4.0574727547168914, 4.1214468564488298, 4.1878966697227824, 4.2394642067164376, 4.2956388779745076, 4.3445674395728719, 4.3888416755669653, 4.4279530790970032, 4.4700027579560864, 4.5175649565919809, 4.5682127985515955, 4.6140427684967262, 4.6574156645662743, 4.7023702125998348, 4.7392434658804934, 4.7602429139635323, 4.7830497880651066, 4.8303221381996329, 4.8921226941106557, 4.9718257074559116, 5.0468007255349017, 5.1412787290215416, 5.2067932861841708, 5.3221994801724195, 5.4570676439935939, 5.5714964904969033, 5.6503078221923309, 5.7825021821720846, 5.8517053553281322, 5.8781781116879097, 5.8450576959810636, 5.8312590939693534, 5.8311393227537627, 5.8491046799404849, 5.8520435948504614, 5.8518491980497682, 5.8326483088350711, 5.803858912072025, 5.7939793411650244, 5.7878933113288493, 5.7852399622651376, 5.8294502245906044, 5.8827724782381274, 5.9329249551074819, 5.9887704229448868, 5.9765211465098877, 5.9549733401230123, 5.9763789835855441, 6.0261883919151327, 6.0579421950877217, 6.1152128968029391, 6.1860607118806872, 6.2625353739336669, 6.3174666514301077, 6.3586113524633241, 6.3986959146803493, 6.4520899219992289, 6.5241860590312264, 6.5409103464475598, 6.5826787154806699, 6.6204738716685858, 6.5928425672910604, 6.5916209190795714, 6.6437854363634807, 6.6919390572307496, 6.6689246232895734, 6.650001934020743, 6.6861492203967225, 6.7074430083399683, 6.6686850239633868, 6.5736851889837613, 6.4420622433471717, 6.2744462099380769, 6.0780659253012859, 5.9403187671459596, 5.8594322607694442, 5.8309487903277004, 5.7633198421213319, 5.6536103821302, 5.5590932720589947, 5.5002020728606809, 5.4488153928304239, 5.4146831065848966, 5.3961638912616436, 5.4022362961244079, 5.3925110764328155, 5.3332947588601245, 5.2663938997998843, 5.2401019516477438, 5.2020422847162058, 5.1847255265868801, 5.1956910018757245, 5.2113208825016768, 5.210243984437045, 5.1950007879209075, 5.1926225899206804, 5.2399355772453617, 5.3027241539567225, 5.3642962183062757, 5.433328733915042, 5.4900870415446086, 5.5652274500827472, 5.5732914322790359, 5.6262482913449174, 5.6389714121944214, 5.6124342783768677, 5.5370540294779307, 5.4231843583269708, 5.2887553065083548, 5.1851875429295982, 5.123814128250789, 5.056863864217787, 5.006745980243938, 4.9566393099739035, 4.9046402882655329, 4.8661489124173425, 4.8417827671103009, 4.8035632127390366, 4.7642230443965374, 4.7295763557177288, 4.6601754618070963, 4.6240113006668357, 4.573213517358468, 4.5253453707842342, 4.4867869240164682, 4.4537988449283166, 4.410631265213298, 4.3744237458095876, 4.3292942240075476, 4.2884576444455833, 4.238188152251924, 4.1927005415807841, 4.1667599238410524, 4.1404331576805564, 4.1308794613927411, 4.1184295628399532, 4.1081152091352902, 4.1063920012797803, 4.1048327134370677, 4.100568005069551, 4.0995627244119053, 4.0796280866038774, 4.0663459757605134, 4.0552785738944799, 4.043361459327941, 4.0268704640363309, 4.0100456749456344, 3.9919675949452191, 3.9708529447956309, 3.9441368303361983, 3.9142545888617777, 3.8986298839126752, 3.9006627145380253, 3.9034534215284808, 3.908832410393396, 3.9156022218016955, 3.9245818030871868, 3.9260484578654751, 3.9178631050251673, 3.9104563832351116, 3.9047054744971317, 3.8956966236252231, 3.889447237429017, 3.8847435728268258, 3.8747798486345526, 3.8638614244891749, 3.8558841130281389, 3.8458118950382096, 3.8138678147252612, 3.7783036680214903, 3.7461225579979343, 3.732222661069958, 3.7205962399724064, 3.7005632890773286, 3.6805334726335741, 3.65575024637808, 3.6333245225863666, 3.6082757979218916, 3.5827560835774603, 3.5720301699252293, 3.5613733087525254, 3.5498276822278969, 3.5488928247227975, 3.543290649366301, 3.5458313742612679, 3.5547891574369226, 3.5562360876488714, 3.5527891326386838, 3.551572567394333, 3.54000798640695, 3.5342997313822617, 3.5281832244516713]
