money:1705628.0800000017
cangwei:0
roi:70.56280800000016
alpha:0.0807178822124
algorithem volatility: 462.128639443
bench volatility: 405.527659238
sharpe ratio: 0.00401754310094
win ratio:0.9160671462829736
win ratio:0.8179271708683474
trend:
[5.5864999999999991, 0.019500000000000739, 0.011500000000000732, 0.017500000000000071, 0.046000000000000263, 0.027499999999999858, 0.0099999999999997868, 0.020499999999999297, 0.025500000000000078, 0.025999999999999801, 0.0070000000000005613, 0.0060000000000002274, -0.007499999999999396, -0.020000000000000462, -0.017500000000000071, -0.01499999999999968, -0.0095000000000000639, -0.014000000000000234, -0.027000000000001023, -0.050000000000000711, -0.042999999999999261, -0.030999999999999694, -0.025500000000000078, -0.031500000000000306, -0.05200000000000049, -0.026499999999999524, 0.0015000000000000568, -0.0069999999999996732, -0.0080000000000000071, -0.0034999999999989484, 0.027000000000000135, 0.02349999999999941, 0.043999999999999595, 0.081000000000000405, 0.074499999999999567, 0.062999999999999723, 0.063500000000000334, 0.084999999999999964, 0.10899999999999999, 0.092999999999999972, 0.059499999999999886, 0.059999999999999609, 0.059000000000000163, 0.089999999999999858, 0.081999999999999851, 0.059499999999999886, 0.047499999999999432, 0.03500000000000103, 0.031499999999999417, 0.023999999999999133, -0.0040000000000004476, 0.00049999999999972289, -0.0049999999999998934, -0.043499999999999872, -0.037999999999999368, -0.019000000000000128, -0.036499999999999311, -0.034500000000000419, -0.057999999999999829, -0.01899999999999924, 0.0064999999999999503, -0.0019999999999997797, -0.0060000000000002274, -0.025500000000000078, -0.028499999999999304, -0.020000000000000462, -0.018500000000000405, -0.0064999999999990621, -0.0020000000000006679, -0.0050000000000007816, 0.0049999999999998934, 0.0095000000000000639, 0.0034999999999998366, 0.015500000000000291, 0.016499999999999737, 0.02349999999999941, 0.027499999999999858, 0.015500000000000291, 0.032500000000000639, 0.021999999999999353, 0.026000000000000689, 0.042499999999999538, 0.045999999999999375, 0.026500000000000412, 0.011499999999999844, 0.019499999999998963, 0.020500000000000185, 0.024999999999999467, 0.024500000000000632, 0.029000000000000803, 0.043499999999999872, 0.051999999999999602, 0.06449999999999978, 0.066000000000000725, 0.052500000000001101, 0.036499999999999311, 0.025000000000000355, 0.023999999999999133, 0.0080000000000000071, 0.0075000000000002842, 0.03500000000000103, 0.030499999999999083, 0.036499999999999311, 0.051499999999999879, 0.071000000000000618, 0.054999999999999716, 0.084999999999999964, 0.088000000000000966, 0.092500000000001137, 0.10849999999999937, 0.10199999999999942, 0.077500000000000568, 0.084500000000000242, 0.078500000000000014, 0.081500000000000128, 0.10899999999999999, 0.14550000000000018, 0.10800000000000054, 0.12999999999999901, 0.15600000000000058, 0.16099999999999959, 0.14250000000000007, 0.13150000000000084, 0.096000000000000085, 0.067000000000000171, 0.086500000000000909, 0.051000000000000156, 0.016499999999998849, 0.011000000000001009, -0.023000000000001464, -0.061999999999999389, -0.032499999999998863, -0.08099999999999774, -0.060500000000001108, -0.036499999999998423, -0.064999999999999503, -0.11599999999999966, -0.086499999999999133, -0.10499999999999865, -0.15300000000000047, -0.21850000000000058, -0.20899999999999785, -0.19650000000000034, -0.13750000000000107, -0.11549999999999994, -0.125, -0.10949999999999971, -0.06899999999999995, -0.078500000000000902, -0.052499999999999325, -0.011499999999998956, -0.022499999999999964, -0.00050000000000061107, -0.0099999999999997868, -0.049500000000000099, -0.054499999999999993, -0.042000000000000703, -0.041999999999999815, -0.045999999999999375, -0.030000000000001137, -0.0095000000000000639, -0.017000000000000348, -0.019500000000000739, -0.032499999999999751, -0.033000000000000362, -0.020500000000001073, -0.026500000000000412, -0.037499999999999645, -0.030999999999998806, -0.024000000000000909, -0.028499999999999304, -0.029000000000000803, -0.025999999999998913, -0.023500000000000298, -0.0015000000000000568, -0.017999999999998906, -0.0085000000000015064, -0.016500000000000625, -0.010999999999999233, 0.0040000000000004476, 0.022499999999999076, 0.030999999999998806, 0.032500000000000639, 0.020500000000001073, 0.029999999999999361, 0.019000000000001904, 0.012499999999999289, 0.015500000000000291, 0.013999999999998458, 0.015000000000000568, 0.020000000000000462, 0.012500000000000178, 0.026999999999999247, 0.017000000000000348, 0.019000000000000128, 0.041999999999999815, 0.0625, 0.047500000000001208, 0.02549999999999919, 0.03050000000000086, 0.038000000000001144, 0.035499999999999865, 0.035000000000000142, 0.035999999999999588, 0.035500000000000753, 0.031499999999999417, 0.023999999999999133, 0.028000000000000469, 0.02850000000000108, 0.012500000000000178, 0.0045000000000001705, 0.0025000000000003908, -0.012999999999999901, -0.019500000000000739, -0.022999999999998799, -0.038499999999999979, -0.053499999999999659, -0.020000000000000462, -0.001000000000000334, -0.0045000000000001705, -0.018500000000000405, -0.011999999999999567, -0.0084999999999988418, -0.019500000000000739, -0.025000000000000355, -0.017000000000000348, -0.01899999999999924, -0.029000000000000803, -0.031000000000000583, -0.02349999999999941, -0.034000000000000696, -0.024000000000000909, -0.016500000000000625, -0.0075000000000002842, -0.0035000000000007248, -0.0030000000000001137, -0.012500000000000178, -0.029500000000000526, -0.032999999999999474, -0.049500000000000099, -0.055500000000001215, -0.059000000000000163, -0.065999999999999837, -0.071500000000000341, -0.067000000000000171, -0.059499999999999886, -0.051000000000000156, -0.059000000000000163, -0.054500000000000881, -0.059999999999999609, -0.041500000000000092, -0.038999999999999702, -0.035499999999999865, -0.039500000000000313, -0.04750000000000032, -0.026500000000000412, -0.018000000000000682, -0.015500000000000291, -0.0070000000000005613, -0.0025000000000003908, 0.0050000000000007816, -0.0060000000000002274, -0.0045000000000001705, 0.0095000000000000639, 0.00849999999999973, 0.0014999999999991687, 0.0070000000000005613, 0.0085000000000006182, -0.00050000000000061107, -0.00099999999999944578, 0.0015000000000000568, -0.0060000000000002274, -0.0045000000000001705, -0.0030000000000001137, -0.001000000000000334, -0.00849999999999973, -0.007499999999999396, -0.0049999999999998934, -0.0034999999999998366, -0.0024999999999995026, -0.0075000000000002842, 0.0034999999999998366, 0.0055000000000005045, 0.00049999999999972289, -0.00049999999999883471, -0.0060000000000002274, -0.00849999999999973, -0.0069999999999996732, 0.0035000000000007248, 0.0054999999999996163, -0.0024999999999995026, -0.0060000000000002274, -0.025999999999999801, -0.030499999999999972, -0.025000000000000355, -0.031000000000000583, -0.038000000000000256, -0.040000000000000036, -0.054499999999999993, -0.051000000000000156, -0.051999999999999602, -0.048999999999999488, -0.054999999999999716, -0.055500000000000327, -0.066000000000000725, -0.067999999999999616, -0.067500000000000782, -0.064999999999999503, -0.067000000000000171, -0.067000000000000171, -0.069499999999999673, -0.07949999999999946, -0.056499999999999773, -0.052499999999999325, -0.05600000000000005, -0.048999999999999488, -0.032999999999999474, -0.033500000000000085, -0.025500000000000078, -0.023500000000000298, -0.020999999999999908, -0.034000000000000696, -0.032499999999999751, -0.029000000000000803, -0.020500000000000185, -0.016000000000000902, -0.022499999999999964, -0.020999999999999908, -0.017000000000000348, -0.02549999999999919, -0.018499999999999517, -0.0055000000000005045, -0.012999999999999012, -0.0045000000000001705, -0.0015000000000000568, -0.0045000000000001705, -0.018499999999999517, -0.017000000000000348, -0.016499999999999737, -0.027999999999999581, -0.027500000000000746, -0.021499999999999631, -0.016000000000000014, -0.019500000000000739, -0.015500000000000291, -0.013499999999999623, -0.0089999999999994529, -0.0015000000000000568, -0.0054999999999996163, -0.0045000000000001705, -0.0064999999999999503, -0.0090000000000003411, -0.0065000000000008384, -0.0085000000000006182, -0.0064999999999999503, -0.00050000000000061107, 0.0035000000000007248, 0.0045000000000001705, 0.0069999999999996732, 0.012000000000000455, 0.021500000000000519, 0.029499999999999638, 0.027000000000000135, 0.030999999999999694, 0.022999999999999687, 0.022000000000000242, 0.019000000000000128, 0.015000000000000568, 0.013500000000000512, 0.015499999999999403, 0.015000000000000568, 0.014000000000000234, 0.016000000000000902, 0.017500000000000959, 0.013999999999999346, 0.0099999999999997868, 0.0095000000000000639, 0.0044999999999992824, 0.0020000000000006679, 0.012500000000000178, -0.0030000000000001137, -0.0094999999999991758, -0.010500000000000398, -0.011000000000000121, -0.0064999999999999503, -0.0054999999999996163, -0.00049999999999972289, -0.0060000000000002274, 0.0049999999999998934, 0.0099999999999997868, 0.0095000000000000639, 0.0054999999999996163, 0.0015000000000000568, -0.0039999999999995595, -0.0049999999999998934, -0.0069999999999996732, -0.013999999999999346, -0.00849999999999973, -0.0090000000000003411, -0.015500000000000291, -0.0069999999999996732, -0.010000000000000675, -0.0090000000000003411, -0.0064999999999990621, 0.0, 0.0094999999999991758, 0.0075000000000002842, 0.018500000000000405, 0.0070000000000005613, 0.012999999999999901, 0.015499999999999403, 0.022999999999999687, 0.017500000000000071, 0.01899999999999924, 0.016000000000000902, 0.022000000000000242, 0.025000000000000355, 0.028999999999999915, 0.026500000000000412, 0.024000000000000021, 0.028000000000000469, 0.038499999999999979, 0.030999999999999694, 0.027499999999999858, 0.023500000000000298, 0.020999999999999908, 0.016499999999999737, 0.0019999999999997797, 0.0034999999999998366, -0.019499999999999851, -0.023500000000000298, -0.029999999999999361, -0.025999999999999801, -0.024999999999999467, -0.021500000000000519, -0.026999999999999247, -0.030499999999999972, -0.033500000000000085, -0.023500000000000298, -0.023500000000000298, -0.029499999999999638, -0.041000000000000369, -0.033000000000000362, -0.033500000000000085, -0.033500000000000085, -0.040500000000000647, -0.033999999999999808, -0.031000000000000583, -0.029999999999999361, -0.014499999999999957, -0.0080000000000000071, 0.0, 0.00049999999999972289, -0.0039999999999995595, -0.0030000000000001137, -0.0049999999999998934, 0.0039999999999995595, 0.0040000000000004476, -0.0049999999999990052, -0.0040000000000013358, -0.0059999999999993392, -0.0064999999999999503, -0.0090000000000003411, -0.0090000000000003411, -0.0090000000000003411, -0.0049999999999998934, -0.0080000000000008953, -0.0054999999999996163, -0.0055000000000005045, -0.0075000000000002842, -0.010000000000000675, -0.0075000000000002842, -0.0069999999999996732, -0.0080000000000000071, -0.013499999999999623, -0.0089999999999994529, -0.011000000000000121, -0.014500000000000846, -0.0095000000000000639, -0.00849999999999973, -0.0030000000000001137, 0.0025000000000003908, 0.0055000000000005045, 0.0049999999999998934, 0.0055000000000005045, 0.00049999999999972289, 0.0, 0.0035000000000007248, 0.0045000000000001705, 0.011000000000000121, 0.0060000000000002274, 0.0069999999999996732, 0.012500000000000178, 0.015500000000000291, 0.026999999999999247, 0.022999999999999687, 0.017500000000000071, 0.020000000000000462, 0.016500000000000625, 0.018499999999999517, 0.015999999999999126, 0.010500000000000398, 0.0085000000000006182, 0.014000000000000234, 0.016499999999999737, 0.016499999999999737, 0.017000000000000348, 0.0095000000000000639, 0.0055000000000005045, 0.0045000000000001705, 0.019500000000000739, 0.020000000000000462, 0.007499999999999396, 0.0054999999999996163, -0.0025000000000003908, 0.001000000000000334, 0.0024999999999995026, 0.0015000000000000568, 0.0045000000000001705, 0.0025000000000003908, 0.0024999999999995026, 0.0070000000000005613, 0.0075000000000002842, 0.0019999999999997797, -0.0019999999999997797, 0.0045000000000001705, 0.011500000000000732, 0.01899999999999924, 0.030999999999998806, 0.021999999999999353, 0.0080000000000000071, 0.00099999999999944578, 0.012499999999999289, 0.014000000000000234, 0.013000000000000789, 0.019999999999999574, 0.019499999999999851, 0.012500000000000178, 0.0080000000000008953, 0.00849999999999973, 0.00050000000000061107, 0.0060000000000002274, 0.00849999999999973, 0.0010000000000012221, 0.0034999999999998366, -0.0045000000000001705, -0.0099999999999997868, -0.012999999999999901, -0.026499999999999524, -0.025999999999999801, -0.022499999999999964, -0.021999999999999353, -0.024499999999999744, -0.021499999999999631, -0.019499999999999851, -0.027999999999999581, -0.030499999999999972, -0.021500000000000519, -0.020999999999999908, -0.021499999999999631, -0.013500000000000512, -0.019999999999999574, -0.019999999999999574, -0.013000000000000789, -0.015500000000000291, -0.012500000000000178, -0.011000000000000121, -0.012000000000000455, -0.012000000000000455, -0.0060000000000002274, -0.0089999999999994529, -0.0045000000000001705, -0.0050000000000007816, -0.011000000000000121, -0.011499999999999844, -0.014000000000000234, -0.0069999999999996732, -0.0055000000000005045, -0.0015000000000000568, 0.0024999999999995026, 0.0015000000000000568, 0.0019999999999997797, -0.00050000000000061107, 0.001000000000000334, 0.0, 0.0025000000000003908, 0.0024999999999995026, 0.00050000000000061107, 0.0015000000000000568, 0.00049999999999972289, 0.001000000000000334, -0.0040000000000004476, -0.0019999999999988916, 0.0015000000000000568, 0.0039999999999995595, 0.0065000000000008384, 0.0034999999999998366, 0.0015000000000000568, -0.0024999999999995026, -0.0060000000000002274, -0.010500000000000398, -0.0095000000000000639, -0.0095000000000000639, -0.011000000000000121, -0.0094999999999991758, -0.010500000000000398, -0.013500000000000512, -0.010000000000000675, -0.0095000000000000639, -0.015000000000000568, -0.025000000000000355, -0.025000000000000355, -0.024500000000000188, -0.024999999999999911, -0.025999999999999801, -0.021999999999999797, -0.021500000000000519, -0.021999999999999797, -0.024500000000000632, -0.024999999999999911, -0.020499999999999741, -0.018999999999999684, -0.020000000000000462, -0.01399999999999979, -0.015500000000000291, -0.020999999999999464, -0.019499999999999851, -0.019500000000000295, -0.020000000000000018, -0.016500000000000625, -0.0080000000000000071, -0.0055000000000000604, -0.0054999999999996163, -0.0070000000000001172, -0.0070000000000001172, -0.010000000000000231, -0.007999999999999563, -0.0070000000000001172, -0.0044999999999997264, -0.0064999999999995062, -0.0049999999999998934, -0.0040000000000004476, -0.0064999999999999503, -0.012999999999999456, -0.01499999999999968, -0.0095000000000009521, -0.010999999999999677, -0.0114999999999994, -0.010499999999999954, -0.0094999999999996199, -0.0060000000000002274, -0.00099999999999988987, -0.0015000000000000568, -0.00050000000000016698, -0.0019999999999997797, -0.0055000000000000604, -0.0060000000000002274, -0.0089999999999994529, -0.0065000000000003944, -0.00099999999999988987, 0.00099999999999988987, -0.0014999999999996128, 0.0020000000000002238, 0.0049999999999998934, 0.007499999999999396, 0.0045000000000001705, 0.0085000000000001741, 0.0084999999999992859, 0.010499999999999954, 0.011500000000000288, 0.0090000000000003411, 0.0039999999999995595, 0.0, -0.0004999999999992788, 0.0019999999999993356, 0.0055000000000000604, 0.0015000000000000568, 0.0040000000000000036, 0.00050000000000016698, -0.0015000000000000568, -0.0049999999999994493, -0.0080000000000008953, -0.0075000000000002842, -0.010999999999999677, -0.010499999999999954, -0.007999999999999563, -0.016500000000000181, -0.014499999999999513, -0.01699999999999946, -0.018999999999999684, -0.017000000000000348, -0.016499999999999737, -0.013499999999999623, -0.013500000000000068, -0.016999999999999904, -0.019500000000000295, -0.017500000000000515, -0.020499999999999741, -0.01499999999999968, -0.018500000000000405, -0.018499999999999961, -0.018000000000000238, -0.019000000000000128, -0.016999999999999904, -0.01499999999999968, -0.017999999999999794, -0.011499999999999844, -0.014499999999999957, -0.012999999999999901, -0.013499999999999623, -0.015500000000000291, -0.012999999999999901, -0.011499999999999844, -0.0045000000000001705, -0.0030000000000001137, -0.00050000000000016698, -0.0015000000000000568, 0.00099999999999988987, 0.0055000000000000604, 0.0049999999999998934, 0.0074999999999998401, 0.011000000000000121, 0.0085000000000001741, 0.0059999999999997833, 0.0029999999999996696, 0.0074999999999998401, 0.007999999999999563, 0.0074999999999998401, 0.0054999999999996163, 0.0099999999999997868, 0.010499999999999954, 0.0099999999999997868, 0.0074999999999998401, 0.0, 0.0024999999999999467, 0.0024999999999999467, 0.0050000000000003375, 0.0060000000000002274, -0.00050000000000016698, 0.0040000000000000036, 0.0035000000000002807, 0.0035000000000002807, 0.0080000000000000071, 0.011499999999999844, 0.009500000000000508, 0.0064999999999999503, 0.0080000000000000071, 0.0074999999999998401, 0.0070000000000001172, 0.0039999999999995595, 0.0049999999999998934, 0.0040000000000000036, 0.0020000000000002238, 0.0055000000000000604, -0.00099999999999988987, -0.0030000000000001137, -0.0020000000000002238, -0.0024999999999999467, -0.0034999999999998366, -0.0054999999999996163, -0.0070000000000001172, -0.010000000000000231, -0.012000000000000011, -0.012999999999999901, -0.015500000000000291, -0.016500000000000181, -0.017500000000000071, -0.014499999999999957, -0.012000000000000011, -0.013000000000000345, -0.012500000000000178, -0.013999999999999346, -0.010499999999999954, -0.011499999999999844, -0.0074999999999998401, -0.0040000000000000036, -0.0034999999999998366, -0.0040000000000000036, -0.0024999999999999467, -0.0040000000000000036, -0.0039999999999995595, -0.0020000000000002238, -0.0024999999999999467, -0.0024999999999999467, 0.0045000000000001705, 0.0055000000000000604, 0.0054999999999996163, 0.0024999999999999467, 0.0020000000000002238, 0.00050000000000061107, 0.00049999999999972289, -0.00050000000000016698, -0.0029999999999996696, -0.0045000000000001705, -0.0055000000000000604, -0.0045000000000001705, -0.0060000000000002274, -0.0055000000000000604, -0.0055000000000000604, -0.0049999999999998934, -0.0040000000000004476, -0.0034999999999998366, 0.00050000000000016698, 0.00049999999999972289, -0.0024999999999999467, -0.0034999999999998366, -0.0055000000000000604, -0.0070000000000001172, -0.0064999999999999503, -0.0034999999999998366, -0.0055000000000000604, -0.0034999999999998366, -0.0015000000000000568, -0.0015000000000000568, 0.0, -0.0020000000000002238, -0.0019999999999997797, -0.00050000000000016698, -0.0015000000000000568, -0.00099999999999988987, -0.0029999999999996696, -0.0039999999999995595, -0.0080000000000004512, -0.010499999999999954, -0.0085000000000001741, -0.0070000000000001172, -0.0074999999999998401, -0.0049999999999998934, -0.0050000000000003375, -0.0065000000000003944, -0.0044999999999997264, -0.0074999999999998401, -0.0080000000000004512, -0.0069999999999996732, -0.0075000000000002842, -0.0070000000000001172, -0.0080000000000000071, -0.0094999999999996199, -0.0080000000000004512, -0.0080000000000000071, -0.0060000000000002274, -0.0080000000000004512, -0.0060000000000002274, -0.0050000000000003375, -0.0034999999999998366, -0.0045000000000001705, -0.0025000000000003908, -0.0029999999999996696, -0.0030000000000001137, -0.00049999999999972289, -0.00050000000000016698, 0.0020000000000002238, 0.0015000000000000568, 0.001000000000000334, 0.0015000000000000568, 0.001000000000000334, 0.00099999999999944578, 0.0015000000000000568, -0.0014999999999996128, -0.00049999999999972289, -0.00099999999999988987, 0.00050000000000016698, 0.00050000000000016698, 0.00050000000000061107, -0.0015000000000000568, -0.0030000000000001137, -0.0055000000000000604, -0.0020000000000002238, -0.0040000000000000036, -0.0050000000000003375, -0.0055000000000000604, -0.0064999999999999503, -0.0094999999999996199, -0.011000000000000121, -0.010499999999999954, -0.0050000000000003375, -0.0044999999999997264, -0.0049999999999994493, -0.0030000000000001137, -0.0039999999999995595, -0.0040000000000000036, -0.0055000000000000604, -0.0095000000000000639, -0.0080000000000000071, -0.008999999999999897, -0.0070000000000001172, -0.0055000000000000604, -0.0080000000000000071, -0.0080000000000004512, -0.0054999999999996163, -0.0050000000000003375, -0.0049999999999998934, 0.00099999999999988987, 0.0059999999999997833, 0.0030000000000001137, -0.0015000000000000568, -0.0030000000000001137, -0.0025000000000003908, -0.0030000000000001137, -0.00099999999999988987, -0.0015000000000000568, 0.00050000000000061107, 0.0030000000000001137, 0.0045000000000001705, 0.0074999999999998401, 0.0030000000000001137, 0.0024999999999999467, 0.0025000000000003908, 0.0040000000000004476, 0.0015000000000000568, 0.00050000000000016698, 0.0015000000000000568, -0.0014999999999996128, -0.0044999999999997264, -0.0024999999999999467, -0.0030000000000001137, -0.00099999999999988987, -0.00099999999999988987, -0.00099999999999988987, -0.0024999999999999467, -0.0019999999999997797, -0.0019999999999997797, -0.0015000000000000568, -0.0035000000000002807, -0.0055000000000000604, -0.00099999999999988987, 0.0, 0.0059999999999997833, 0.0014999999999996128, 0.0059999999999997833, 0.01049999999999951, 0.012500000000000178, 0.013499999999999623, 0.014499999999999957, 0.014499999999999957, 0.014000000000000234, 0.013499999999999623, 0.011499999999999844, 0.011499999999999844, 0.011000000000000121, 0.01499999999999968, 0.015499999999999847, 0.01499999999999968, 0.014499999999999957, 0.013500000000000068, 0.011999999999999567, 0.012500000000000178, 0.00849999999999973, 0.013000000000000345, 0.010499999999999954, 0.0049999999999994493, 0.0040000000000000036, 0.0060000000000002274, 0.0040000000000000036, 0.0034999999999998366, 0.0044999999999997264, 0.0055000000000000604, 0.0050000000000003375, 0.0080000000000004512, 0.012499999999999734, 0.007999999999999563, 0.0075000000000002842, 0.010000000000000231, 0.0095000000000000639, 0.0094999999999996199, 0.012000000000000011, 0.0094999999999996199, 0.012500000000000178, 0.013499999999999623, 0.010499999999999954, 0.011499999999999844, 0.010500000000000398, 0.0070000000000001172, 0.008999999999999897, 0.0099999999999997868, 0.0085000000000001741, 0.0075000000000002842, 0.010499999999999954, 0.0059999999999997833, 0.00049999999999972289, 0.0014999999999996128, -0.0040000000000004476, -0.0075000000000002842, -0.0064999999999999503, -0.0090000000000003411, -0.0020000000000002238, -0.00049999999999972289, -0.0020000000000002238, -0.0064999999999999503, -0.0019999999999997797, -0.0030000000000001137, -0.0039999999999995595, -0.0045000000000001705, -0.0075000000000002842, -0.0090000000000003411, -0.010000000000000231, -0.0095000000000000639, -0.010499999999999954, -0.010000000000000231, -0.0074999999999998401, -0.0070000000000001172, 0.0, 0.00050000000000016698, 0.0050000000000003375, 0.0055000000000000604, -0.0039999999999995595, -0.0065000000000003944, -0.008999999999999897, -0.0064999999999999503, -0.008999999999999897, -0.0085000000000001741, -0.0090000000000003411, -0.0080000000000000071, -0.0055000000000000604, -0.0070000000000001172, -0.0059999999999997833, -0.0070000000000001172, -0.0070000000000001172, -0.0064999999999999503, -0.008999999999999897, -0.0074999999999998401, -0.008999999999999897, -0.011499999999999844, -0.015000000000000124, -0.012000000000000011, -0.011000000000000121, -0.010500000000000398, -0.0090000000000003411, -0.0080000000000000071, -0.0095000000000000639, -0.00849999999999973, -0.0080000000000000071, -0.0074999999999998401, -0.008999999999999897, -0.0075000000000002842, -0.0065000000000003944, -0.0055000000000000604, -0.0024999999999999467, -0.0015000000000000568, 0.0, -0.00099999999999988987, 0.00050000000000016698, 0.0045000000000001705, 0.0030000000000001137, 0.0040000000000000036, 0.0049999999999998934, 0.0064999999999999503, 0.0034999999999998366, 0.0034999999999998366, 0.001000000000000334, 0.0, 0.0, -0.0015000000000000568, -0.0045000000000001705, -0.0039999999999995595, -0.0060000000000002274, -0.0060000000000002274, -0.0065000000000003944, -0.0095000000000000639, -0.0085000000000001741, -0.011000000000000121, -0.016000000000000014, -0.019500000000000295, -0.020500000000000185, -0.020499999999999741, -0.021500000000000075, -0.020999999999999908, -0.017500000000000071, -0.016999999999999904, -0.014499999999999957, -0.018500000000000405, -0.017000000000000348, -0.012999999999999901, -0.0044999999999997264, -0.0059999999999997833, -0.0039999999999995595, -0.0030000000000001137, -0.0045000000000001705, -0.0030000000000001137, -0.0055000000000000604, -0.0040000000000004476, 0.00099999999999988987, 0.0024999999999999467, 0.0045000000000001705, 0.0019999999999997797, 0.0, 0.0020000000000002238, -0.0019999999999997797, -0.00049999999999972289, 0.0, 0.0060000000000002274, 0.0055000000000000604, 0.0015000000000000568, -0.0024999999999999467, -0.001000000000000334, 0.0014999999999996128, 0.0020000000000002238, 0.00050000000000061107, 0.0, 0.0019999999999997797, 0.0015000000000000568, -0.00049999999999972289, 0.00050000000000016698, -0.001000000000000334, 0.00050000000000016698, 0.0049999999999998934, 0.0034999999999998366, 0.0055000000000000604, 0.0029999999999996696, 0.0034999999999998366, 0.0024999999999999467, 0.0034999999999998366, 0.0085000000000001741, 0.0045000000000001705, 0.0055000000000000604, 0.0045000000000001705, 0.0060000000000002274, 0.010999999999999677, 0.011499999999999844, 0.00849999999999973, 0.0065000000000003944, 0.0059999999999997833, 0.0070000000000001172, 0.008999999999999897, 0.0064999999999999503, 0.0035000000000002807, 0.0030000000000001137, 0.0024999999999999467, 0.0030000000000001137, 0.0030000000000001137, 0.0024999999999999467, 0.00050000000000016698, -0.0015000000000000568, 0.0030000000000001137, 0.0015000000000000568, -0.0019999999999997797, -0.0045000000000001705, -0.008999999999999897, -0.0064999999999999503, -0.0055000000000000604, -0.0045000000000001705, -0.0044999999999997264, -0.0064999999999999503, -0.0074999999999998401, -0.0064999999999999503, -0.0040000000000000036, -0.0040000000000000036, -0.0035000000000002807, -0.0019999999999997797, -0.0024999999999999467, -0.0029999999999996696, -0.0030000000000001137, -0.0059999999999997833, -0.0075000000000002842, -0.0060000000000002274, -0.0055000000000000604, -0.0059999999999997833, -0.0045000000000001705, -0.0034999999999998366, -0.0025000000000003908, -0.00099999999999944578, -0.00050000000000061107, 0.00099999999999988987, 0.00050000000000016698, 0.0015000000000000568, 0.00099999999999988987, 0.0034999999999998366, 0.0019999999999997797, -0.0015000000000000568, 0.0, 0.0024999999999999467, 0.0034999999999998366, 0.0045000000000001705, 0.0045000000000001705, 0.0034999999999998366, 0.0019999999999997797, 0.0015000000000000568, -0.00099999999999988987, -0.0055000000000000604, -0.0049999999999998934, -0.0054999999999996163, -0.0049999999999998934, -0.0070000000000001172, -0.0074999999999998401, -0.0074999999999998401, -0.00849999999999973, -0.011499999999999844, -0.0095000000000000639, -0.0074999999999998401, -0.0080000000000000071, -0.011499999999999844, -0.013499999999999623, -0.016000000000000014, -0.015500000000000291, -0.014500000000000401, -0.012999999999999901, -0.012500000000000178, -0.0085000000000001741, -0.0065000000000003944, -0.0080000000000000071, -0.0070000000000001172, -0.008999999999999897, -0.0070000000000001172, -0.0055000000000000604, -0.0034999999999998366, -0.0040000000000004476, -0.0019999999999997797, -0.0045000000000001705, -0.0040000000000000036, -0.0044999999999997264, -0.0045000000000001705, -0.0020000000000002238, 0.0020000000000002238, 0.0024999999999999467, 0.0020000000000006679, 0.0024999999999995026, 0.0030000000000001137, 0.0020000000000002238, 0.00099999999999988987, 0.0030000000000001137, 0.0024999999999999467, 0.0029999999999996696, 0.00099999999999944578, -0.0015000000000000568, -0.0019999999999997797, -0.0014999999999996128, -0.0024999999999999467, -0.00099999999999988987, -0.0015000000000000568, -0.0030000000000001137, -0.00049999999999972289, -0.0020000000000002238, -0.0059999999999997833, -0.0055000000000000604, -0.0055000000000005045, -0.0034999999999998366, -0.0055000000000000604, -0.0065000000000003944, -0.0055000000000005045, -0.0055000000000000604, -0.0070000000000001172, -0.0035000000000002807, 0.00050000000000016698, 0.0019999999999997797, 0.00049999999999972289, 0.0, -0.00050000000000016698, -0.00099999999999988987, -0.00049999999999972289, 0.0019999999999997797, -0.00049999999999972289, 0.001000000000000334, 0.0044999999999997264, 0.0030000000000001137, 0.0070000000000001172, 0.0050000000000003375, 0.0064999999999999503, 0.0040000000000004476, 0.0040000000000000036, 0.0030000000000001137, 0.0040000000000000036, 0.0015000000000000568, 0.0, 0.00050000000000016698, 0.0, -0.00099999999999988987, -0.0015000000000000568, -0.0015000000000000568, -0.0015000000000000568, -0.0024999999999999467, -0.00050000000000016698, -0.0020000000000002238, -0.0024999999999995026, -0.0020000000000002238, -0.0034999999999998366, -0.0035000000000002807, -0.0030000000000001137, -0.0025000000000003908, -0.0025000000000003908, -0.0024999999999995026, -0.0020000000000002238, -0.0015000000000000568, -0.0019999999999997797, -0.0020000000000002238, -0.00050000000000016698, 0.0, 0.0015000000000000568, 0.00050000000000016698, 0.0, -0.0015000000000000568, -0.0020000000000002238, -0.00050000000000016698, -0.0015000000000000568, -0.0019999999999997797, -0.0035000000000002807, -0.0024999999999999467, -0.0035000000000002807, -0.00099999999999988987, -0.00050000000000016698, -0.00099999999999988987, -0.0020000000000002238, -0.0029999999999996696, -0.0024999999999999467, -0.0024999999999999467, -0.0024999999999999467, -0.0015000000000000568, -0.00099999999999988987, 0.00049999999999972289, 0.00099999999999988987, 0.0020000000000002238, 0.0020000000000002238, 0.0020000000000002238, 0.0025000000000003908, 0.0030000000000001137, 0.0015000000000000568, 0.00050000000000016698, 0.00099999999999988987, 0.00099999999999944578, 0.001000000000000334, 0.0030000000000001137, 0.0040000000000000036, 0.0040000000000000036, 0.0035000000000002807, 0.0030000000000001137, 0.0030000000000001137, 0.0040000000000000036, 0.0040000000000000036, 0.0050000000000003375, 0.0060000000000002274, 0.0055000000000000604, 0.0055000000000000604, 0.0059999999999997833, 0.0055000000000000604, 0.0069999999999996732, 0.0070000000000001172, 0.0099999999999997868, 0.008999999999999897, 0.0070000000000001172, 0.0074999999999998401, 0.0064999999999999503, 0.0055000000000000604, 0.0050000000000003375, 0.0060000000000002274, 0.0070000000000001172, 0.0074999999999998401, 0.0064999999999999503, 0.0049999999999998934, 0.0040000000000000036, 0.0020000000000002238, 0.001000000000000334, 0.001000000000000334, -0.00050000000000016698, 0.00050000000000016698, -0.00099999999999988987, 0.0015000000000000568, 0.0, 0.00099999999999988987, 0.0024999999999999467, 0.0029999999999996696, 0.0035000000000002807, 0.0024999999999999467, 0.0055000000000000604, 0.0055000000000000604, 0.0070000000000001172, 0.0064999999999999503, 0.0065000000000003944, 0.007999999999999563, 0.0035000000000002807, 0.0050000000000003375, 0.007999999999999563, 0.0069999999999996732, 0.00849999999999973, 0.00849999999999973, 0.0080000000000000071, 0.0070000000000001172, 0.0085000000000001741, 0.00849999999999973, 0.0080000000000000071, 0.0064999999999999503, 0.0059999999999997833, 0.0074999999999998401, 0.0059999999999997833, 0.0050000000000003375, 0.0030000000000001137, 0.0024999999999995026, 0.0024999999999999467, 0.0015000000000000568, -0.00049999999999972289, 0.0019999999999997797, 0.0045000000000001705, 0.0095000000000000639, 0.016000000000000014, 0.020000000000000018, 0.017999999999999794, 0.015500000000000291, 0.012000000000000011, 0.010000000000000231, 0.017500000000000071, 0.014499999999999957, 0.017000000000000348, 0.019499999999999851, 0.016500000000000181, 0.014499999999999957, 0.011499999999999844, 0.012000000000000011, 0.012500000000000178, 0.014499999999999957, 0.02249999999999952, 0.020000000000000018, 0.016000000000000014, 0.012999999999999901, 0.0095000000000000639, 0.0099999999999997868, 0.013500000000000512, 0.019000000000000128, 0.023999999999999577, 0.020000000000000018, 0.020499999999999741, 0.019000000000000128, 0.020000000000000018, 0.032499999999999751, 0.030499999999999972, 0.031499999999999861, 0.038500000000000423, 0.038499999999999535, 0.037500000000000089, 0.04750000000000032, 0.050999999999999712, 0.038000000000000256, 0.030499999999999972, 0.037999999999999368, 0.036500000000000199, 0.032000000000000028, 0.026999999999999691, 0.026999999999999691, 0.032999999999999918, 0.035500000000000309, 0.028999999999999915, 0.024999999999999911, 0.019000000000000572, -0.0035000000000002807, 0.0015000000000000568, -0.00050000000000061107, 0.00050000000000061107, 0.0024999999999995026, -0.012999999999999901, -0.02249999999999952, -0.020499999999999741, -0.0070000000000001172, -0.00099999999999988987, -0.0070000000000001172, -0.011500000000000288, -0.01399999999999979, -0.008999999999999897, -0.015499999999999847, -0.029499999999999638, -0.023499999999999854, -0.020999999999999908, -0.017000000000000348, -0.017999999999999794, -0.010499999999999954, -0.0085000000000001741, -0.0054999999999996163, -0.0045000000000001705, 0.0094999999999996199, 0.031000000000000139, 0.033999999999999808, 0.024999999999999911, 0.024000000000000465, 0.028000000000000025, 0.039500000000000313, 0.029999999999999805, 0.039999999999999591, 0.034999999999999698, 0.030499999999999972, 0.034999999999999254, 0.029999999999999805, 0.021999999999999797, 0.026499999999999968, 0.034499999999999975, 0.043000000000000149, 0.044500000000000206, 0.059499999999999886, 0.049500000000000099, 0.035000000000000142, 0.038000000000000256, 0.055000000000000604, 0.046499999999999986, 0.050499999999999545, 0.04350000000000076, 0.034499999999999531, 0.044999999999999929, 0.03700000000000081, 0.040499999999999758, 0.051000000000001044, 0.05600000000000005, 0.0625, 0.066499999999999559, 0.067499999999999005, 0.065999999999999837, 0.055500000000000327, 0.045499999999999652, 0.032500000000000639, 0.050500000000000433, 0.058500000000000441, 0.0625, 0.041500000000000092, 0.065500000000000114, 0.050500000000000433, 0.084500000000000242, 0.095499999999999474, 0.092500000000000249, 0.079500000000000348, 0.11200000000000099, 0.081999999999999851, 0.057999999999999829, 0.024000000000000021, 0.032500000000000639, 0.038000000000000256, 0.044500000000000206, 0.039499999999999424, 0.044499999999999318, 0.032499999999999751, 0.012500000000000178, 0.011000000000000121, 0.0, 0.0, 0.01049999999999951, 0.028000000000000469, -0.00049999999999972289, -0.011000000000000121, -0.040000000000000036, -0.032499999999999751, -0.043000000000001037, -0.00050000000000061107, 0.011499999999999844, 0.056499999999999773, 0.057999999999999829, 0.057999999999999829, 0.041000000000000369, 0.043499999999999872, 0.046500000000000874, 0.065500000000000114, 0.084000000000000519, 0.049999999999999822, 0.0625, 0.060999999999999943, 0.0040000000000004476, 0.0095000000000009521, 0.036500000000000199, 0.031499999999999417, 0.029499999999998749, 0.035999999999999588, 0.042500000000000426, 0.020499999999999297, -0.0030000000000001137, -0.049500000000000099, -0.083500000000000796, -0.11549999999999994, -0.13149999999999995, -0.10600000000000076, -0.084499999999999353, -0.069999999999999396, -0.10449999999999893, -0.1045000000000007, -0.11600000000000055, -0.10200000000000031, -0.068500000000000227, -0.074499999999999567, -0.096000000000000085, -0.08450000000000113, -0.057500000000000107, -0.084999999999999964, -0.12000000000000011, -0.096000000000000085, -0.07299999999999951, -0.032499999999999751, 0.0055000000000005045, 0.033999999999999808, 0.049500000000000099, 0.020999999999999908, 0.0040000000000004476, 0.0064999999999990621, 0.03900000000000059, 0.067000000000000171, 0.071500000000000341, 0.054499999999999993, 0.066000000000000725, 0.028000000000000469, 0.045499999999999652, 0.015000000000000568, 0.0030000000000001137, 0.0025000000000003908, -0.014499999999999069, -0.048999999999999488, -0.032000000000000028, -0.024000000000000021, -0.044000000000000483, -0.041499999999999204, -0.035999999999999588, -0.032000000000000028, -0.033500000000000085, -0.05400000000000027, -0.073000000000000398, -0.078000000000000291, -0.084500000000000242, -0.1014999999999997, -0.10000000000000053, -0.077999999999999403, -0.10300000000000065, -0.081999999999999851, -0.060999999999999943, -0.041000000000000369, -0.015500000000000291, -0.0054999999999996163, -0.01499999999999968, -0.03900000000000059, -0.032999999999999474, -0.030499999999999972, -0.029500000000000526, -0.018499999999999517, -0.024999999999999467, -0.030000000000000249, -0.017499999999999183, -0.015000000000000568, -0.017000000000000348, 0.0045000000000001705, -0.019499999999999851, -0.0075000000000002842, -0.0059999999999993392, -0.0095000000000000639, -0.013500000000000512, -0.0075000000000002842, -0.010500000000000398, -0.0065000000000008384, -0.010500000000000398, -0.0065000000000008384, -0.00049999999999972289, 0.0, 0.0019999999999997797, -0.0040000000000004476, -0.00099999999999944578, 0.0, -0.0075000000000002842, -0.012500000000000178, -0.011000000000000121, -0.012000000000000455, -0.0039999999999995595, -0.0055000000000005045, -0.0055000000000005045, -0.0075000000000002842, -0.0054999999999996163, -0.0034999999999998366, -0.0034999999999998366, -0.012999999999999012, -0.012500000000000178, -0.0095000000000000639, -0.0075000000000002842, -0.015500000000000291, -0.020999999999999908, -0.023499999999999854, -0.028000000000000025, -0.029500000000000526, -0.028499999999999304, -0.025000000000000355, -0.018499999999999961, -0.019500000000000295, -0.018499999999999961, -0.014499999999999513, -0.017500000000000515, -0.010500000000000398, -0.0060000000000002274, -0.010500000000000398, -0.011500000000000288, 0.0015000000000000568, -0.00049999999999972289, 0.0020000000000006679, -0.0064999999999999503]filter:
[0, 5.5864999999999991, 5.6059999999999999, 5.6175000000000006, 5.6350000000000007, 5.6810000000000009, 5.7085000000000008, 5.7185000000000006, 5.7389999999999999, 5.7645, 5.7904999999999998, 5.7975000000000003, 5.8035000000000005, 5.7960000000000012, 5.7760000000000007, 5.7585000000000006, 5.7435000000000009, 5.7340000000000009, 5.7200000000000006, 5.6929999999999996, 5.6429999999999989, 5.5999999999999996, 5.569, 5.5434999999999999, 5.5119999999999996, 5.4599999999999991, 5.4334999999999996, 5.4349999999999996, 5.4279999999999999, 5.4199999999999999, 5.416500000000001, 5.4435000000000011, 5.4670000000000005, 5.5110000000000001, 5.5920000000000005, 5.6665000000000001, 5.7294999999999998, 5.7930000000000001, 5.8780000000000001, 5.9870000000000001, 6.0800000000000001, 6.1395, 6.1994999999999996, 6.2584999999999997, 6.3484999999999996, 6.4304999999999994, 6.4899999999999993, 6.5374999999999988, 6.5724999999999998, 6.6039999999999992, 6.6279999999999983, 6.6239999999999979, 6.6244999999999976, 6.6194999999999977, 6.5759999999999978, 6.5379999999999985, 6.5189999999999984, 6.482499999999999, 6.4479999999999986, 6.3899999999999988, 6.3709999999999996, 6.3774999999999995, 6.3754999999999997, 6.3694999999999995, 6.3439999999999994, 6.3155000000000001, 6.2954999999999997, 6.2769999999999992, 6.2705000000000002, 6.2684999999999995, 6.2634999999999987, 6.2684999999999986, 6.2779999999999987, 6.2814999999999985, 6.2969999999999988, 6.3134999999999986, 6.336999999999998, 6.3644999999999978, 6.3799999999999981, 6.4124999999999988, 6.4344999999999981, 6.4604999999999988, 6.5029999999999983, 6.5489999999999977, 6.5754999999999981, 6.586999999999998, 6.6064999999999969, 6.6269999999999971, 6.6519999999999966, 6.6764999999999972, 6.705499999999998, 6.7489999999999979, 6.8009999999999975, 6.8654999999999973, 6.931499999999998, 6.9839999999999991, 7.0204999999999984, 7.0454999999999988, 7.0694999999999979, 7.0774999999999979, 7.0849999999999982, 7.1199999999999992, 7.1504999999999983, 7.1869999999999976, 7.2384999999999975, 7.3094999999999981, 7.3644999999999978, 7.4494999999999978, 7.5374999999999988, 7.6299999999999999, 7.7384999999999993, 7.8404999999999987, 7.9179999999999993, 8.0024999999999995, 8.0809999999999995, 8.1624999999999996, 8.2714999999999996, 8.4169999999999998, 8.5250000000000004, 8.6549999999999994, 8.8109999999999999, 8.9719999999999995, 9.1144999999999996, 9.2460000000000004, 9.3420000000000005, 9.4090000000000007, 9.4955000000000016, 9.5465000000000018, 9.5630000000000006, 9.5740000000000016, 9.5510000000000002, 9.4890000000000008, 9.4565000000000019, 9.3755000000000042, 9.3150000000000031, 9.2785000000000046, 9.2135000000000051, 9.0975000000000055, 9.0110000000000063, 8.9060000000000077, 8.7530000000000072, 8.5345000000000066, 8.3255000000000088, 8.1290000000000084, 7.9915000000000074, 7.8760000000000074, 7.7510000000000074, 7.6415000000000077, 7.5725000000000078, 7.4940000000000069, 7.4415000000000076, 7.4300000000000086, 7.4075000000000086, 7.407000000000008, 7.3970000000000082, 7.3475000000000081, 7.2930000000000081, 7.2510000000000074, 7.2090000000000076, 7.1630000000000082, 7.1330000000000071, 7.123500000000007, 7.1065000000000067, 7.087000000000006, 7.0545000000000062, 7.0215000000000058, 7.0010000000000048, 6.9745000000000044, 6.9370000000000047, 6.9060000000000059, 6.882000000000005, 6.8535000000000057, 6.8245000000000049, 6.798500000000006, 6.7750000000000057, 6.7735000000000056, 6.7555000000000067, 6.7470000000000052, 6.7305000000000046, 6.7195000000000054, 6.7235000000000058, 6.7460000000000049, 6.7770000000000037, 6.8095000000000043, 6.8300000000000054, 6.8600000000000048, 6.8790000000000067, 6.891500000000006, 6.9070000000000062, 6.9210000000000047, 6.9360000000000053, 6.9560000000000057, 6.9685000000000059, 6.9955000000000052, 7.0125000000000055, 7.0315000000000056, 7.0735000000000054, 7.1360000000000054, 7.1835000000000067, 7.2090000000000058, 7.2395000000000067, 7.2775000000000079, 7.3130000000000077, 7.3480000000000079, 7.3840000000000074, 7.4195000000000082, 7.4510000000000076, 7.4750000000000068, 7.5030000000000072, 7.5315000000000083, 7.5440000000000085, 7.5485000000000086, 7.551000000000009, 7.5380000000000091, 7.5185000000000084, 7.4955000000000096, 7.4570000000000096, 7.40350000000001, 7.3835000000000095, 7.3825000000000092, 7.378000000000009, 7.3595000000000086, 7.347500000000009, 7.3390000000000102, 7.3195000000000094, 7.2945000000000091, 7.2775000000000087, 7.2585000000000095, 7.2295000000000087, 7.1985000000000081, 7.1750000000000087, 7.141000000000008, 7.1170000000000071, 7.1005000000000065, 7.0930000000000062, 7.0895000000000055, 7.0865000000000054, 7.0740000000000052, 7.0445000000000046, 7.0115000000000052, 6.9620000000000051, 6.9065000000000039, 6.8475000000000037, 6.7815000000000039, 6.7100000000000035, 6.6430000000000033, 6.5835000000000035, 6.5325000000000033, 6.4735000000000031, 6.4190000000000023, 6.3590000000000027, 6.3175000000000026, 6.2785000000000029, 6.243000000000003, 6.2035000000000027, 6.1560000000000024, 6.1295000000000019, 6.1115000000000013, 6.096000000000001, 6.0890000000000004, 6.0865, 6.0915000000000008, 6.0855000000000006, 6.0810000000000004, 6.0905000000000005, 6.0990000000000002, 6.1004999999999994, 6.1074999999999999, 6.1160000000000005, 6.1154999999999999, 6.1145000000000005, 6.1160000000000005, 6.1100000000000003, 6.1055000000000001, 6.1025, 6.1014999999999997, 6.093, 6.0855000000000006, 6.0805000000000007, 6.0770000000000008, 6.0745000000000013, 6.0670000000000011, 6.0705000000000009, 6.0760000000000014, 6.0765000000000011, 6.0760000000000023, 6.0700000000000021, 6.0615000000000023, 6.0545000000000027, 6.0580000000000034, 6.063500000000003, 6.0610000000000035, 6.0550000000000033, 6.0290000000000035, 5.9985000000000035, 5.9735000000000031, 5.9425000000000026, 5.9045000000000023, 5.8645000000000023, 5.8100000000000023, 5.7590000000000021, 5.7070000000000025, 5.658000000000003, 5.6030000000000033, 5.547500000000003, 5.4815000000000023, 5.4135000000000026, 5.3460000000000019, 5.2810000000000024, 5.2140000000000022, 5.147000000000002, 5.0775000000000023, 4.9980000000000029, 4.9415000000000031, 4.8890000000000038, 4.8330000000000037, 4.7840000000000042, 4.7510000000000048, 4.7175000000000047, 4.6920000000000046, 4.6685000000000043, 4.6475000000000044, 4.6135000000000037, 4.581000000000004, 4.5520000000000032, 4.531500000000003, 4.5155000000000021, 4.4930000000000021, 4.4720000000000022, 4.4550000000000018, 4.4295000000000027, 4.4110000000000031, 4.4055000000000026, 4.3925000000000036, 4.3880000000000035, 4.3865000000000034, 4.3820000000000032, 4.3635000000000037, 4.3465000000000034, 4.3300000000000036, 4.302000000000004, 4.2745000000000033, 4.2530000000000037, 4.2370000000000037, 4.2175000000000029, 4.2020000000000026, 4.188500000000003, 4.1795000000000035, 4.1780000000000035, 4.1725000000000039, 4.1680000000000037, 4.1615000000000038, 4.1525000000000034, 4.1460000000000026, 4.137500000000002, 4.131000000000002, 4.1305000000000014, 4.1340000000000021, 4.1385000000000023, 4.145500000000002, 4.1575000000000024, 4.1790000000000029, 4.2085000000000026, 4.2355000000000027, 4.2665000000000024, 4.2895000000000021, 4.3115000000000023, 4.3305000000000025, 4.345500000000003, 4.3590000000000035, 4.3745000000000029, 4.3895000000000035, 4.4035000000000037, 4.4195000000000046, 4.4370000000000056, 4.451000000000005, 4.4610000000000047, 4.4705000000000048, 4.4750000000000041, 4.4770000000000048, 4.4895000000000049, 4.4865000000000048, 4.4770000000000056, 4.4665000000000052, 4.4555000000000051, 4.4490000000000052, 4.4435000000000056, 4.4430000000000058, 4.4370000000000056, 4.4420000000000055, 4.4520000000000053, 4.4615000000000054, 4.467000000000005, 4.468500000000005, 4.4645000000000055, 4.4595000000000056, 4.4525000000000059, 4.4385000000000066, 4.4300000000000068, 4.4210000000000065, 4.4055000000000062, 4.3985000000000065, 4.3885000000000058, 4.3795000000000055, 4.3730000000000064, 4.3730000000000064, 4.3825000000000056, 4.3900000000000059, 4.4085000000000063, 4.4155000000000069, 4.4285000000000068, 4.4440000000000062, 4.4670000000000059, 4.4845000000000059, 4.5035000000000052, 4.5195000000000061, 4.5415000000000063, 4.5665000000000067, 4.5955000000000066, 4.622000000000007, 4.646000000000007, 4.6740000000000075, 4.7125000000000075, 4.7435000000000072, 4.771000000000007, 4.7945000000000073, 4.8155000000000072, 4.832000000000007, 4.8340000000000067, 4.8375000000000066, 4.8180000000000067, 4.7945000000000064, 4.7645000000000071, 4.7385000000000073, 4.7135000000000078, 4.6920000000000073, 4.665000000000008, 4.6345000000000081, 4.601000000000008, 4.5775000000000077, 4.5540000000000074, 4.5245000000000077, 4.4835000000000074, 4.450500000000007, 4.4170000000000069, 4.3835000000000068, 4.3430000000000062, 4.3090000000000064, 4.2780000000000058, 4.2480000000000064, 4.2335000000000065, 4.2255000000000065, 4.2255000000000065, 4.2260000000000062, 4.2220000000000066, 4.2190000000000065, 4.2140000000000066, 4.2180000000000062, 4.2220000000000066, 4.2170000000000076, 4.2130000000000063, 4.207000000000007, 4.200500000000007, 4.1915000000000067, 4.1825000000000063, 4.173500000000006, 4.1685000000000061, 4.1605000000000052, 4.1550000000000056, 4.1495000000000051, 4.1420000000000048, 4.1320000000000041, 4.1245000000000038, 4.1175000000000042, 4.1095000000000041, 4.0960000000000045, 4.0870000000000051, 4.076000000000005, 4.0615000000000041, 4.052000000000004, 4.0435000000000043, 4.0405000000000042, 4.0430000000000046, 4.0485000000000051, 4.053500000000005, 4.0590000000000055, 4.0595000000000052, 4.0595000000000052, 4.0630000000000059, 4.0675000000000061, 4.0785000000000062, 4.0845000000000065, 4.0915000000000061, 4.1040000000000063, 4.1195000000000066, 4.1465000000000058, 4.1695000000000055, 4.1870000000000056, 4.2070000000000061, 4.2235000000000067, 4.2420000000000062, 4.2580000000000053, 4.2685000000000057, 4.2770000000000064, 4.2910000000000066, 4.3075000000000063, 4.3240000000000061, 4.3410000000000064, 4.3505000000000065, 4.356000000000007, 4.3605000000000071, 4.3800000000000079, 4.4000000000000083, 4.4075000000000077, 4.4130000000000074, 4.410500000000007, 4.4115000000000073, 4.4140000000000068, 4.4155000000000069, 4.420000000000007, 4.4225000000000074, 4.4250000000000069, 4.4320000000000075, 4.4395000000000078, 4.4415000000000076, 4.4395000000000078, 4.4440000000000079, 4.4555000000000087, 4.4745000000000079, 4.5055000000000067, 4.5275000000000061, 4.5355000000000061, 4.5365000000000055, 4.5490000000000048, 4.5630000000000051, 4.5760000000000058, 4.5960000000000054, 4.6155000000000053, 4.6280000000000054, 4.6360000000000063, 4.6445000000000061, 4.6450000000000067, 4.6510000000000069, 4.6595000000000066, 4.6605000000000079, 4.6640000000000077, 4.6595000000000075, 4.6495000000000077, 4.6365000000000078, 4.6100000000000083, 4.5840000000000085, 4.5615000000000085, 4.5395000000000092, 4.5150000000000095, 4.4935000000000098, 4.47400000000001, 4.4460000000000104, 4.4155000000000104, 4.3940000000000099, 4.37300000000001, 4.3515000000000104, 4.3380000000000098, 4.3180000000000103, 4.2980000000000107, 4.2850000000000099, 4.2695000000000096, 4.2570000000000094, 4.2460000000000093, 4.2340000000000089, 4.2220000000000084, 4.2160000000000082, 4.2070000000000087, 4.2025000000000086, 4.1975000000000078, 4.1865000000000077, 4.1750000000000078, 4.1610000000000076, 4.1540000000000079, 4.1485000000000074, 4.1470000000000073, 4.1495000000000068, 4.1510000000000069, 4.1530000000000067, 4.1525000000000061, 4.1535000000000064, 4.1535000000000064, 4.1560000000000068, 4.1585000000000063, 4.1590000000000069, 4.160500000000007, 4.1610000000000067, 4.162000000000007, 4.1580000000000066, 4.1560000000000077, 4.1575000000000077, 4.1615000000000073, 4.1680000000000081, 4.171500000000008, 4.173000000000008, 4.1705000000000085, 4.1645000000000083, 4.1540000000000079, 4.1445000000000078, 4.1350000000000078, 4.1240000000000077, 4.1145000000000085, 4.1040000000000081, 4.0905000000000076, 4.0805000000000069, 4.0710000000000068, 4.0560000000000063, 4.0310000000000059, 4.0060000000000056, 3.9815000000000054, 3.9565000000000055, 3.9305000000000057, 3.9085000000000059, 3.8870000000000053, 3.8650000000000055, 3.8405000000000049, 3.815500000000005, 3.7950000000000053, 3.7760000000000056, 3.7560000000000051, 3.7420000000000053, 3.726500000000005, 3.7055000000000056, 3.6860000000000057, 3.6665000000000054, 3.6465000000000054, 3.6300000000000048, 3.6220000000000048, 3.6165000000000047, 3.6110000000000051, 3.604000000000005, 3.5970000000000049, 3.5870000000000046, 3.5790000000000051, 3.5720000000000049, 3.5675000000000052, 3.5610000000000057, 3.5560000000000058, 3.5520000000000054, 3.5455000000000054, 3.532500000000006, 3.5175000000000063, 3.5080000000000053, 3.4970000000000057, 3.4855000000000063, 3.4750000000000063, 3.4655000000000067, 3.4595000000000065, 3.4585000000000066, 3.4570000000000065, 3.4565000000000063, 3.4545000000000066, 3.4490000000000065, 3.4430000000000063, 3.4340000000000068, 3.4275000000000064, 3.4265000000000065, 3.4275000000000064, 3.4260000000000068, 3.428000000000007, 3.4330000000000069, 3.4405000000000063, 3.4450000000000065, 3.4535000000000067, 3.462000000000006, 3.4725000000000059, 3.4840000000000062, 3.4930000000000065, 3.4970000000000061, 3.4970000000000061, 3.4965000000000068, 3.4985000000000062, 3.5040000000000062, 3.5055000000000063, 3.5095000000000063, 3.5100000000000064, 3.5085000000000064, 3.5035000000000069, 3.495500000000006, 3.4880000000000058, 3.4770000000000061, 3.4665000000000061, 3.4585000000000066, 3.4420000000000064, 3.4275000000000069, 3.4105000000000074, 3.3915000000000077, 3.3745000000000074, 3.3580000000000076, 3.344500000000008, 3.331000000000008, 3.3140000000000081, 3.2945000000000078, 3.2770000000000072, 3.2565000000000075, 3.2415000000000078, 3.2230000000000074, 3.2045000000000075, 3.1865000000000072, 3.1675000000000071, 3.1505000000000072, 3.1355000000000075, 3.1175000000000077, 3.1060000000000079, 3.0915000000000079, 3.078500000000008, 3.0650000000000084, 3.0495000000000081, 3.0365000000000082, 3.0250000000000083, 3.0205000000000082, 3.0175000000000081, 3.0170000000000079, 3.0155000000000078, 3.0165000000000077, 3.0220000000000078, 3.0270000000000077, 3.0345000000000075, 3.0455000000000076, 3.0540000000000078, 3.0600000000000076, 3.0630000000000073, 3.0705000000000071, 3.0785000000000067, 3.0860000000000065, 3.0915000000000061, 3.1015000000000059, 3.1120000000000059, 3.1220000000000057, 3.1295000000000055, 3.1295000000000055, 3.1320000000000054, 3.1345000000000054, 3.1395000000000057, 3.145500000000006, 3.1450000000000058, 3.1490000000000058, 3.1525000000000061, 3.1560000000000064, 3.1640000000000064, 3.1755000000000062, 3.1850000000000067, 3.1915000000000067, 3.1995000000000067, 3.2070000000000065, 3.2140000000000066, 3.2180000000000062, 3.2230000000000061, 3.2270000000000061, 3.2290000000000063, 3.2345000000000064, 3.2335000000000065, 3.2305000000000064, 3.2285000000000061, 3.2260000000000062, 3.2225000000000064, 3.2170000000000067, 3.2100000000000066, 3.2000000000000064, 3.1880000000000064, 3.1750000000000065, 3.1595000000000062, 3.143000000000006, 3.1255000000000059, 3.111000000000006, 3.099000000000006, 3.0860000000000056, 3.0735000000000054, 3.0595000000000061, 3.0490000000000061, 3.0375000000000063, 3.0300000000000065, 3.0260000000000065, 3.0225000000000066, 3.0185000000000066, 3.0160000000000067, 3.0120000000000067, 3.0080000000000071, 3.0060000000000069, 3.0035000000000069, 3.001000000000007, 3.0055000000000072, 3.0110000000000072, 3.0165000000000068, 3.0190000000000068, 3.021000000000007, 3.0215000000000076, 3.0220000000000073, 3.0215000000000072, 3.0185000000000075, 3.0140000000000073, 3.0085000000000073, 3.0040000000000071, 2.9980000000000069, 2.9925000000000068, 2.9870000000000068, 2.9820000000000069, 2.9780000000000064, 2.9745000000000066, 2.9750000000000068, 2.9755000000000065, 2.9730000000000065, 2.9695000000000067, 2.9640000000000066, 2.9570000000000065, 2.9505000000000066, 2.9470000000000067, 2.9415000000000067, 2.9380000000000068, 2.9365000000000068, 2.9350000000000067, 2.9350000000000067, 2.9330000000000065, 2.9310000000000067, 2.9305000000000065, 2.9290000000000065, 2.9280000000000066, 2.9250000000000069, 2.9210000000000074, 2.9130000000000069, 2.902500000000007, 2.8940000000000068, 2.8870000000000067, 2.8795000000000068, 2.8745000000000069, 2.8695000000000066, 2.8630000000000062, 2.8585000000000065, 2.8510000000000066, 2.8430000000000062, 2.8360000000000065, 2.8285000000000062, 2.8215000000000061, 2.8135000000000061, 2.8040000000000065, 2.796000000000006, 2.788000000000006, 2.7820000000000058, 2.7740000000000054, 2.7680000000000051, 2.7630000000000048, 2.7595000000000049, 2.7550000000000048, 2.7525000000000044, 2.7495000000000047, 2.7465000000000046, 2.7460000000000049, 2.7455000000000047, 2.7475000000000049, 2.749000000000005, 2.7500000000000053, 2.7515000000000054, 2.7525000000000057, 2.7535000000000052, 2.7550000000000052, 2.7535000000000056, 2.7530000000000059, 2.752000000000006, 2.7525000000000062, 2.7530000000000063, 2.7535000000000069, 2.7520000000000069, 2.7490000000000068, 2.7435000000000067, 2.7415000000000065, 2.7375000000000065, 2.7325000000000061, 2.7270000000000061, 2.7205000000000061, 2.7110000000000065, 2.7000000000000064, 2.6895000000000064, 2.6845000000000061, 2.6800000000000064, 2.6750000000000069, 2.6720000000000068, 2.6680000000000073, 2.6640000000000073, 2.6585000000000072, 2.6490000000000071, 2.6410000000000071, 2.6320000000000072, 2.6250000000000071, 2.619500000000007, 2.611500000000007, 2.6035000000000066, 2.598000000000007, 2.5930000000000066, 2.5880000000000067, 2.5890000000000066, 2.5950000000000064, 2.5980000000000065, 2.5965000000000065, 2.5935000000000064, 2.591000000000006, 2.5880000000000059, 2.587000000000006, 2.5855000000000059, 2.5860000000000065, 2.5890000000000066, 2.5935000000000068, 2.6010000000000066, 2.6040000000000068, 2.6065000000000067, 2.6090000000000071, 2.6130000000000075, 2.6145000000000076, 2.6150000000000078, 2.6165000000000078, 2.6150000000000082, 2.6105000000000085, 2.6080000000000085, 2.6050000000000084, 2.6040000000000085, 2.6030000000000086, 2.6020000000000088, 2.5995000000000088, 2.597500000000009, 2.5955000000000092, 2.5940000000000092, 2.5905000000000089, 2.5850000000000088, 2.584000000000009, 2.584000000000009, 2.5900000000000087, 2.5915000000000084, 2.5975000000000081, 2.6080000000000076, 2.6205000000000078, 2.6340000000000074, 2.6485000000000074, 2.6630000000000074, 2.6770000000000076, 2.6905000000000072, 2.7020000000000071, 2.7135000000000069, 2.724500000000007, 2.7395000000000067, 2.7550000000000066, 2.7700000000000062, 2.7845000000000062, 2.7980000000000063, 2.8100000000000058, 2.822500000000006, 2.8310000000000057, 2.8440000000000061, 2.854500000000006, 2.8595000000000055, 2.8635000000000055, 2.8695000000000057, 2.8735000000000057, 2.8770000000000056, 2.8815000000000053, 2.8870000000000053, 2.8920000000000057, 2.9000000000000061, 2.9125000000000059, 2.9205000000000054, 2.9280000000000057, 2.9380000000000059, 2.947500000000006, 2.9570000000000056, 2.9690000000000056, 2.9785000000000053, 2.9910000000000054, 3.0045000000000051, 3.015000000000005, 3.0265000000000049, 3.0370000000000053, 3.0440000000000054, 3.0530000000000053, 3.0630000000000051, 3.0715000000000052, 3.0790000000000055, 3.0895000000000055, 3.0955000000000052, 3.096000000000005, 3.0975000000000046, 3.0935000000000041, 3.0860000000000039, 3.0795000000000039, 3.0705000000000036, 3.0685000000000033, 3.0680000000000036, 3.0660000000000034, 3.0595000000000034, 3.0575000000000037, 3.0545000000000035, 3.050500000000004, 3.0460000000000038, 3.0385000000000035, 3.0295000000000032, 3.019500000000003, 3.0100000000000029, 2.9995000000000029, 2.9895000000000027, 2.9820000000000029, 2.9750000000000028, 2.9750000000000028, 2.9755000000000029, 2.9805000000000033, 2.9860000000000033, 2.9820000000000038, 2.9755000000000034, 2.9665000000000035, 2.9600000000000035, 2.9510000000000036, 2.9425000000000034, 2.9335000000000031, 2.9255000000000031, 2.920000000000003, 2.9130000000000029, 2.9070000000000031, 2.900000000000003, 2.8930000000000029, 2.886500000000003, 2.8775000000000031, 2.8700000000000032, 2.8610000000000033, 2.8495000000000035, 2.8345000000000034, 2.8225000000000033, 2.8115000000000032, 2.8010000000000028, 2.7920000000000025, 2.7840000000000025, 2.7745000000000024, 2.7660000000000027, 2.7580000000000027, 2.7505000000000028, 2.7415000000000029, 2.7340000000000027, 2.7275000000000023, 2.7220000000000022, 2.7195000000000022, 2.7180000000000022, 2.7180000000000022, 2.7170000000000023, 2.7175000000000025, 2.7220000000000026, 2.7250000000000028, 2.7290000000000028, 2.7340000000000027, 2.7405000000000026, 2.7440000000000024, 2.7475000000000023, 2.7485000000000026, 2.7485000000000026, 2.7485000000000026, 2.7470000000000026, 2.7425000000000024, 2.7385000000000028, 2.7325000000000026, 2.7265000000000024, 2.720000000000002, 2.7105000000000019, 2.7020000000000017, 2.6910000000000016, 2.6750000000000016, 2.6555000000000013, 2.6350000000000011, 2.6145000000000014, 2.5930000000000013, 2.5720000000000014, 2.5545000000000013, 2.5375000000000014, 2.5230000000000015, 2.5045000000000011, 2.4875000000000007, 2.4745000000000008, 2.4700000000000011, 2.4640000000000013, 2.4600000000000017, 2.4570000000000016, 2.4525000000000015, 2.4495000000000013, 2.4440000000000013, 2.4400000000000008, 2.4410000000000007, 2.4435000000000007, 2.4480000000000008, 2.4500000000000006, 2.4500000000000006, 2.4520000000000008, 2.4500000000000011, 2.4495000000000013, 2.4495000000000013, 2.4555000000000016, 2.4610000000000016, 2.4625000000000017, 2.4600000000000017, 2.4590000000000014, 2.460500000000001, 2.4625000000000012, 2.4630000000000019, 2.4630000000000019, 2.4650000000000016, 2.4665000000000017, 2.466000000000002, 2.4665000000000021, 2.4655000000000018, 2.466000000000002, 2.4710000000000019, 2.4745000000000017, 2.4800000000000018, 2.4830000000000014, 2.4865000000000013, 2.4890000000000012, 2.492500000000001, 2.5010000000000012, 2.5055000000000014, 2.5110000000000015, 2.5155000000000016, 2.5215000000000019, 2.5325000000000015, 2.5440000000000014, 2.5525000000000011, 2.5590000000000015, 2.5650000000000013, 2.5720000000000014, 2.5810000000000013, 2.5875000000000012, 2.5910000000000015, 2.5940000000000016, 2.5965000000000016, 2.5995000000000017, 2.6025000000000018, 2.6050000000000018, 2.6055000000000019, 2.6040000000000019, 2.607000000000002, 2.608500000000002, 2.6065000000000023, 2.6020000000000021, 2.5930000000000022, 2.5865000000000022, 2.5810000000000022, 2.576500000000002, 2.5720000000000023, 2.5655000000000023, 2.5580000000000025, 2.5515000000000025, 2.5475000000000025, 2.5435000000000025, 2.5400000000000023, 2.5380000000000025, 2.5355000000000025, 2.5325000000000029, 2.5295000000000027, 2.523500000000003, 2.5160000000000027, 2.5100000000000025, 2.5045000000000024, 2.4985000000000026, 2.4940000000000024, 2.4905000000000026, 2.4880000000000022, 2.4870000000000028, 2.4865000000000022, 2.487500000000002, 2.4880000000000022, 2.4895000000000023, 2.4905000000000022, 2.494000000000002, 2.4960000000000018, 2.4945000000000017, 2.4945000000000017, 2.4970000000000017, 2.5005000000000015, 2.5050000000000017, 2.5095000000000018, 2.5130000000000017, 2.5150000000000015, 2.5165000000000015, 2.5155000000000016, 2.5100000000000016, 2.5050000000000017, 2.4995000000000021, 2.4945000000000022, 2.487500000000002, 2.4800000000000022, 2.4725000000000024, 2.4640000000000026, 2.4525000000000028, 2.4430000000000027, 2.4355000000000029, 2.4275000000000029, 2.416000000000003, 2.4025000000000034, 2.3865000000000034, 2.3710000000000031, 2.3565000000000027, 2.3435000000000028, 2.3310000000000026, 2.3225000000000025, 2.3160000000000021, 2.308000000000002, 2.3010000000000019, 2.292000000000002, 2.2850000000000019, 2.2795000000000019, 2.276000000000002, 2.2720000000000016, 2.2700000000000018, 2.2655000000000016, 2.2615000000000016, 2.2570000000000019, 2.2525000000000017, 2.2505000000000015, 2.2525000000000017, 2.2550000000000017, 2.2570000000000023, 2.2595000000000018, 2.262500000000002, 2.2645000000000022, 2.2655000000000021, 2.2685000000000022, 2.2710000000000021, 2.2740000000000018, 2.2750000000000012, 2.2735000000000012, 2.2715000000000014, 2.2700000000000018, 2.2675000000000018, 2.266500000000002, 2.2650000000000019, 2.2620000000000018, 2.2615000000000021, 2.2595000000000018, 2.2535000000000021, 2.248000000000002, 2.2425000000000015, 2.2390000000000017, 2.2335000000000016, 2.2270000000000012, 2.2215000000000007, 2.2160000000000006, 2.2090000000000005, 2.2055000000000002, 2.2060000000000004, 2.2080000000000002, 2.2084999999999999, 2.2084999999999999, 2.2079999999999997, 2.2069999999999999, 2.2065000000000001, 2.2084999999999999, 2.2080000000000002, 2.2090000000000005, 2.2135000000000002, 2.2165000000000004, 2.2235000000000005, 2.2285000000000008, 2.2350000000000008, 2.2390000000000012, 2.2430000000000012, 2.2460000000000013, 2.2500000000000013, 2.2515000000000014, 2.2515000000000014, 2.2520000000000016, 2.2520000000000016, 2.2510000000000017, 2.2495000000000016, 2.2480000000000016, 2.2465000000000015, 2.2440000000000015, 2.2435000000000014, 2.2415000000000012, 2.2390000000000017, 2.2370000000000014, 2.2335000000000016, 2.2300000000000013, 2.2270000000000012, 2.2245000000000008, 2.2220000000000004, 2.2195000000000009, 2.2175000000000007, 2.2160000000000006, 2.2140000000000009, 2.2120000000000006, 2.2115000000000005, 2.2115000000000005, 2.2130000000000005, 2.2135000000000007, 2.2135000000000007, 2.2120000000000006, 2.2100000000000004, 2.2095000000000002, 2.2080000000000002, 2.2060000000000004, 2.2025000000000001, 2.2000000000000002, 2.1964999999999999, 2.1955, 2.1949999999999998, 2.194, 2.1919999999999997, 2.1890000000000001, 2.1865000000000001, 2.1840000000000002, 2.1815000000000002, 2.1800000000000002, 2.1790000000000003, 2.1795, 2.1804999999999999, 2.1825000000000001, 2.1845000000000003, 2.1865000000000006, 2.1890000000000009, 2.1920000000000011, 2.1935000000000011, 2.1940000000000013, 2.1950000000000012, 2.1960000000000006, 2.197000000000001, 2.2000000000000011, 2.2040000000000011, 2.2080000000000011, 2.2115000000000014, 2.2145000000000015, 2.2175000000000016, 2.2215000000000016, 2.2255000000000016, 2.2305000000000019, 2.2365000000000022, 2.2420000000000022, 2.2475000000000023, 2.2535000000000021, 2.2590000000000021, 2.2660000000000018, 2.2730000000000019, 2.2830000000000017, 2.2920000000000016, 2.2990000000000017, 2.3065000000000015, 2.3130000000000015, 2.3185000000000016, 2.3235000000000019, 2.3295000000000021, 2.3365000000000022, 2.3440000000000021, 2.350500000000002, 2.3555000000000019, 2.3595000000000019, 2.3615000000000022, 2.3625000000000025, 2.3635000000000028, 2.3630000000000027, 2.3635000000000028, 2.3625000000000029, 2.364000000000003, 2.364000000000003, 2.3650000000000029, 2.3675000000000028, 2.3705000000000025, 2.3740000000000028, 2.3765000000000027, 2.3820000000000028, 2.3875000000000028, 2.394500000000003, 2.4010000000000029, 2.4075000000000033, 2.4155000000000029, 2.4190000000000031, 2.4240000000000035, 2.432000000000003, 2.4390000000000027, 2.4475000000000025, 2.4560000000000022, 2.4640000000000022, 2.4710000000000023, 2.4795000000000025, 2.4880000000000022, 2.4960000000000022, 2.5025000000000022, 2.508500000000002, 2.5160000000000018, 2.5220000000000016, 2.5270000000000019, 2.530000000000002, 2.5325000000000015, 2.5350000000000015, 2.5365000000000015, 2.5360000000000018, 2.5380000000000016, 2.5425000000000018, 2.5520000000000018, 2.5680000000000018, 2.5880000000000019, 2.6060000000000016, 2.6215000000000019, 2.633500000000002, 2.6435000000000022, 2.6610000000000023, 2.6755000000000022, 2.6925000000000026, 2.7120000000000024, 2.7285000000000026, 2.7430000000000025, 2.7545000000000024, 2.7665000000000024, 2.7790000000000026, 2.7935000000000025, 2.8160000000000021, 2.8360000000000021, 2.8520000000000021, 2.865000000000002, 2.8745000000000021, 2.8845000000000018, 2.8980000000000024, 2.9170000000000025, 2.9410000000000021, 2.9610000000000021, 2.9815000000000018, 3.0005000000000019, 3.020500000000002, 3.0530000000000017, 3.0835000000000017, 3.1150000000000015, 3.153500000000002, 3.1920000000000015, 3.2295000000000016, 3.2770000000000019, 3.3280000000000016, 3.3660000000000019, 3.3965000000000019, 3.4345000000000012, 3.4710000000000014, 3.5030000000000014, 3.5300000000000011, 3.5570000000000008, 3.5900000000000007, 3.6255000000000011, 3.654500000000001, 3.6795000000000009, 3.6985000000000015, 3.6950000000000012, 3.6965000000000012, 3.6960000000000006, 3.6965000000000012, 3.6990000000000007, 3.6860000000000008, 3.6635000000000013, 3.6430000000000016, 3.6360000000000015, 3.6350000000000016, 3.6280000000000014, 3.6165000000000012, 3.6025000000000014, 3.5935000000000015, 3.5780000000000016, 3.548500000000002, 3.5250000000000021, 3.5040000000000022, 3.4870000000000019, 3.4690000000000021, 3.4585000000000021, 3.450000000000002, 3.4445000000000023, 3.4400000000000022, 3.4495000000000018, 3.4805000000000019, 3.5145000000000017, 3.5395000000000016, 3.5635000000000021, 3.5915000000000021, 3.6310000000000024, 3.6610000000000023, 3.7010000000000018, 3.7360000000000015, 3.7665000000000015, 3.8015000000000008, 3.8315000000000006, 3.8535000000000004, 3.8800000000000003, 3.9145000000000003, 3.9575000000000005, 4.0020000000000007, 4.0615000000000006, 4.1110000000000007, 4.1460000000000008, 4.1840000000000011, 4.2390000000000017, 4.2855000000000016, 4.3360000000000012, 4.3795000000000019, 4.4140000000000015, 4.4590000000000014, 4.4960000000000022, 4.536500000000002, 4.587500000000003, 4.6435000000000031, 4.7060000000000031, 4.7725000000000026, 4.8400000000000016, 4.9060000000000015, 4.9615000000000018, 5.0070000000000014, 5.0395000000000021, 5.0900000000000025, 5.148500000000003, 5.211000000000003, 5.2525000000000031, 5.3180000000000032, 5.3685000000000036, 5.4530000000000038, 5.5485000000000033, 5.6410000000000036, 5.7205000000000039, 5.8325000000000049, 5.9145000000000048, 5.9725000000000046, 5.9965000000000046, 6.0290000000000052, 6.0670000000000055, 6.1115000000000057, 6.1510000000000051, 6.1955000000000044, 6.2280000000000042, 6.2405000000000044, 6.2515000000000045, 6.2515000000000045, 6.2515000000000045, 6.262000000000004, 6.2900000000000045, 6.2895000000000048, 6.2785000000000046, 6.2385000000000046, 6.2060000000000048, 6.1630000000000038, 6.1625000000000032, 6.174000000000003, 6.2305000000000028, 6.2885000000000026, 6.3465000000000025, 6.3875000000000028, 6.4310000000000027, 6.4775000000000036, 6.5430000000000037, 6.6270000000000042, 6.677000000000004, 6.739500000000004, 6.800500000000004, 6.8045000000000044, 6.8140000000000054, 6.8505000000000056, 6.882000000000005, 6.9115000000000038, 6.9475000000000033, 6.9900000000000038, 7.0105000000000031, 7.0075000000000029, 6.9580000000000028, 6.8745000000000021, 6.7590000000000021, 6.6275000000000022, 6.5215000000000014, 6.4370000000000021, 6.3670000000000027, 6.2625000000000037, 6.158000000000003, 6.0420000000000025, 5.9400000000000022, 5.8715000000000019, 5.7970000000000024, 5.7010000000000023, 5.6165000000000012, 5.5590000000000011, 5.4740000000000011, 5.354000000000001, 5.2580000000000009, 5.1850000000000014, 5.1525000000000016, 5.1580000000000021, 5.1920000000000019, 5.241500000000002, 5.262500000000002, 5.2665000000000024, 5.2730000000000015, 5.3120000000000021, 5.3790000000000022, 5.4505000000000026, 5.5050000000000026, 5.5710000000000033, 5.5990000000000038, 5.6445000000000034, 5.659500000000004, 5.6625000000000041, 5.6650000000000045, 5.6505000000000054, 5.6015000000000059, 5.5695000000000059, 5.5455000000000059, 5.5015000000000054, 5.4600000000000062, 5.4240000000000066, 5.3920000000000066, 5.3585000000000065, 5.3045000000000062, 5.2315000000000058, 5.1535000000000055, 5.0690000000000053, 4.9675000000000056, 4.867500000000005, 4.7895000000000056, 4.686500000000005, 4.6045000000000051, 4.5435000000000052, 4.5025000000000048, 4.4870000000000045, 4.4815000000000049, 4.4665000000000052, 4.4275000000000047, 4.3945000000000052, 4.3640000000000052, 4.3345000000000047, 4.3160000000000052, 4.2910000000000057, 4.2610000000000054, 4.2435000000000063, 4.2285000000000057, 4.2115000000000054, 4.2160000000000055, 4.1965000000000057, 4.1890000000000054, 4.183000000000006, 4.173500000000006, 4.1600000000000055, 4.1525000000000052, 4.1420000000000048, 4.135500000000004, 4.1250000000000036, 4.1185000000000027, 4.118000000000003, 4.118000000000003, 4.1200000000000028, 4.1160000000000023, 4.1150000000000029, 4.1150000000000029, 4.1075000000000026, 4.0950000000000024, 4.0840000000000023, 4.0720000000000018, 4.0680000000000023, 4.0625000000000018, 4.0570000000000013, 4.049500000000001, 4.0440000000000014, 4.0405000000000015, 4.0370000000000017, 4.0240000000000027, 4.0115000000000025, 4.0020000000000024, 3.9945000000000022, 3.9790000000000019, 3.958000000000002, 3.9345000000000021, 3.9065000000000021, 3.8770000000000016, 3.8485000000000023, 3.8235000000000019, 3.8050000000000019, 3.7855000000000016, 3.7670000000000017, 3.7525000000000022, 3.7350000000000017, 3.7245000000000013, 3.718500000000001, 3.7080000000000006, 3.6965000000000003, 3.6980000000000004, 3.6975000000000007, 3.6995000000000013, 3.6930000000000014]